(kicad_pcb (version 20171130) (host pcbnew "(5.1.8)-1")

  (general
    (thickness 1.6)
    (drawings 1)
    (tracks 592)
    (zones 0)
    (modules 123)
    (nets 103)
  )

  (page A4)
  (layers
    (0 F.Cu signal)
    (1 In1.Cu signal)
    (2 In2.Cu signal)
    (31 B.Cu signal)
    (32 B.Adhes user hide)
    (33 F.Adhes user hide)
    (34 B.Paste user hide)
    (35 F.Paste user hide)
    (36 B.SilkS user hide)
    (37 F.SilkS user)
    (38 B.Mask user hide)
    (39 F.Mask user hide)
    (40 Dwgs.User user)
    (41 Cmts.User user hide)
    (42 Eco1.User user hide)
    (43 Eco2.User user hide)
    (44 Edge.Cuts user)
    (45 Margin user hide)
    (46 B.CrtYd user hide)
    (47 F.CrtYd user)
    (48 B.Fab user hide)
    (49 F.Fab user hide)
  )

  (setup
    (last_trace_width 0.254)
    (user_trace_width 0.254)
    (user_trace_width 0.508)
    (user_trace_width 0.762)
    (user_trace_width 2.032)
    (trace_clearance 0.2)
    (zone_clearance 0.508)
    (zone_45_only yes)
    (trace_min 0.2)
    (via_size 0.8)
    (via_drill 0.4)
    (via_min_size 0.4)
    (via_min_drill 0.3)
    (user_via 0.889 0.4064)
    (user_via 1.524 1.016)
    (uvia_size 0.3)
    (uvia_drill 0.1)
    (uvias_allowed no)
    (uvia_min_size 0.2)
    (uvia_min_drill 0.1)
    (edge_width 0.05)
    (segment_width 0.2)
    (pcb_text_width 0.3)
    (pcb_text_size 1.5 1.5)
    (mod_edge_width 0.12)
    (mod_text_size 1 1)
    (mod_text_width 0.15)
    (pad_size 1.524 1.524)
    (pad_drill 0.762)
    (pad_to_mask_clearance 0)
    (aux_axis_origin 0 0)
    (visible_elements 7EFFFF7F)
    (pcbplotparams
      (layerselection 0x010fc_ffffffff)
      (usegerberextensions false)
      (usegerberattributes true)
      (usegerberadvancedattributes true)
      (creategerberjobfile true)
      (excludeedgelayer true)
      (linewidth 0.100000)
      (plotframeref false)
      (viasonmask false)
      (mode 1)
      (useauxorigin false)
      (hpglpennumber 1)
      (hpglpenspeed 20)
      (hpglpendiameter 15.000000)
      (psnegative false)
      (psa4output false)
      (plotreference true)
      (plotvalue true)
      (plotinvisibletext false)
      (padsonsilk false)
      (subtractmaskfromsilk false)
      (outputformat 1)
      (mirror false)
      (drillshape 1)
      (scaleselection 1)
      (outputdirectory ""))
  )

  (net 0 "")
  (net 1 GND)
  (net 2 "/Buck Converter/+24V")
  (net 3 "Net-(C2-Pad2)")
  (net 4 "Net-(C8-Pad1)")
  (net 5 "Net-(C8-Pad2)")
  (net 6 "Net-(C9-Pad2)")
  (net 7 "/Flyback Converter/HV-")
  (net 8 "/Flyback Converter/HV+")
  (net 9 "/Flyback Converter/HV_V_FB")
  (net 10 "Net-(C15-Pad1)")
  (net 11 +5V)
  (net 12 "Net-(C17-Pad1)")
  (net 13 "Net-(C18-Pad1)")
  (net 14 "Net-(C19-Pad1)")
  (net 15 "Net-(C20-Pad1)")
  (net 16 "Net-(C20-Pad2)")
  (net 17 /Protections/HV_5V)
  (net 18 "Net-(C25-Pad1)")
  (net 19 "/Flyback Converter/LV_V_FB")
  (net 20 /Protections/V_FB_OFFSET)
  (net 21 "/-5V Buck Converter/-5V")
  (net 22 /Protections/LV_I_SENSE)
  (net 23 "Net-(D2-Pad1)")
  (net 24 "Net-(D3-Pad2)")
  (net 25 "Net-(D4-Pad2)")
  (net 26 "Net-(D7-Pad1)")
  (net 27 "Net-(D7-Pad2)")
  (net 28 "Net-(DNP1-Pad2)")
  (net 29 "Net-(F1-Pad1)")
  (net 30 "Net-(F1-Pad2)")
  (net 31 "Net-(J1-Pad3)")
  (net 32 "Net-(J1-Pad1)")
  (net 33 "/User Interface/MISO")
  (net 34 "/User Interface/SCK")
  (net 35 "/User Interface/MOSI")
  (net 36 "/User Interface/RESET")
  (net 37 "/User Interface/SS_I")
  (net 38 "/User Interface/SDI")
  (net 39 "/User Interface/D_OUTPUT_V")
  (net 40 "/User Interface/CS")
  (net 41 "/User Interface/CLK")
  (net 42 "/User Interface/SS_V")
  (net 43 /Protections/OutSwitch)
  (net 44 "Net-(J8-Pad5)")
  (net 45 "Net-(J8-Pad4)")
  (net 46 "Net-(J8-Pad3)")
  (net 47 "Net-(J8-Pad2)")
  (net 48 /Protections/HVOut)
  (net 49 "Net-(K1-Pad4)")
  (net 50 "Net-(K1-Pad3)")
  (net 51 "Net-(PS1-Pad8)")
  (net 52 "Net-(PS1-Pad5)")
  (net 53 "Net-(Q1-Pad1)")
  (net 54 "Net-(Q1-Pad3)")
  (net 55 /Protections/Out&nDis)
  (net 56 "Net-(Q3-Pad3)")
  (net 57 "Net-(Q4-Pad2)")
  (net 58 "Net-(Q4-Pad1)")
  (net 59 "Net-(R1-Pad2)")
  (net 60 "Net-(R2-Pad1)")
  (net 61 "Net-(R3-Pad1)")
  (net 62 "Net-(R4-Pad2)")
  (net 63 "/Flyback Converter/~FAULT")
  (net 64 "/Flyback Converter/~DONE")
  (net 65 "Net-(R7-Pad1)")
  (net 66 "Net-(R9-Pad2)")
  (net 67 "Net-(R13-Pad2)")
  (net 68 "Net-(R14-Pad1)")
  (net 69 "Net-(R15-Pad2)")
  (net 70 "Net-(R16-Pad2)")
  (net 71 "Net-(R17-Pad2)")
  (net 72 "Net-(R18-Pad2)")
  (net 73 "Net-(R19-Pad2)")
  (net 74 "/User Interface/DEBUG_LED1")
  (net 75 "/User Interface/DEBUG_LED2")
  (net 76 "/User Interface/PROGRAMMINGLED1")
  (net 77 "/User Interface/PROGRAMMINGLED2")
  (net 78 /Protections/HV_5V_CTRL)
  (net 79 "Net-(R34-Pad1)")
  (net 80 /Protections/V_FB-)
  (net 81 /Protections/V_FB+)
  (net 82 /Protections/~MCU_OFFSET_SHDN)
  (net 83 /Protections/I_LV-)
  (net 84 /Protections/I_LV+)
  (net 85 "Net-(T1-Pad8)")
  (net 86 "Net-(T1-Pad5)")
  (net 87 "Net-(U1-Pad19)")
  (net 88 "Net-(U1-Pad17)")
  (net 89 "/Flyback Converter/CHARGE")
  (net 90 "Net-(U2-Pad1)")
  (net 91 "/-5V Buck Converter/~-5V_SHDN")
  (net 92 "Net-(U3-Pad21)")
  (net 93 /Protections/MCU_DAC)
  (net 94 "Net-(U10-Pad12)")
  (net 95 "Net-(U10-Pad5)")
  (net 96 /Protections/I_HV-)
  (net 97 /Protections/I_HV+)
  (net 98 /Protections/V_FB_LV-)
  (net 99 /Protections/V_FB_LV+)
  (net 100 /Protections/I_LV_N)
  (net 101 /Protections/I_LV_P)
  (net 102 "/User Interface/SCK_PROG")

  (net_class Default "This is the default net class."
    (clearance 0.2)
    (trace_width 0.25)
    (via_dia 0.8)
    (via_drill 0.4)
    (uvia_dia 0.3)
    (uvia_drill 0.1)
    (add_net +5V)
    (add_net "/-5V Buck Converter/-5V")
    (add_net "/-5V Buck Converter/~-5V_SHDN")
    (add_net "/Buck Converter/+24V")
    (add_net "/Flyback Converter/CHARGE")
    (add_net "/Flyback Converter/HV+")
    (add_net "/Flyback Converter/HV-")
    (add_net "/Flyback Converter/HV_V_FB")
    (add_net "/Flyback Converter/LV_V_FB")
    (add_net "/Flyback Converter/~DONE")
    (add_net "/Flyback Converter/~FAULT")
    (add_net /Protections/HVOut)
    (add_net /Protections/HV_5V)
    (add_net /Protections/HV_5V_CTRL)
    (add_net /Protections/I_HV+)
    (add_net /Protections/I_HV-)
    (add_net /Protections/I_LV+)
    (add_net /Protections/I_LV-)
    (add_net /Protections/I_LV_N)
    (add_net /Protections/I_LV_P)
    (add_net /Protections/LV_I_SENSE)
    (add_net /Protections/MCU_DAC)
    (add_net /Protections/Out&nDis)
    (add_net /Protections/OutSwitch)
    (add_net /Protections/V_FB+)
    (add_net /Protections/V_FB-)
    (add_net /Protections/V_FB_LV+)
    (add_net /Protections/V_FB_LV-)
    (add_net /Protections/V_FB_OFFSET)
    (add_net /Protections/~MCU_OFFSET_SHDN)
    (add_net "/User Interface/CLK")
    (add_net "/User Interface/CS")
    (add_net "/User Interface/DEBUG_LED1")
    (add_net "/User Interface/DEBUG_LED2")
    (add_net "/User Interface/D_OUTPUT_V")
    (add_net "/User Interface/MISO")
    (add_net "/User Interface/MOSI")
    (add_net "/User Interface/PROGRAMMINGLED1")
    (add_net "/User Interface/PROGRAMMINGLED2")
    (add_net "/User Interface/RESET")
    (add_net "/User Interface/SCK")
    (add_net "/User Interface/SCK_PROG")
    (add_net "/User Interface/SDI")
    (add_net "/User Interface/SS_I")
    (add_net "/User Interface/SS_V")
    (add_net GND)
    (add_net "Net-(C15-Pad1)")
    (add_net "Net-(C17-Pad1)")
    (add_net "Net-(C18-Pad1)")
    (add_net "Net-(C19-Pad1)")
    (add_net "Net-(C2-Pad2)")
    (add_net "Net-(C20-Pad1)")
    (add_net "Net-(C20-Pad2)")
    (add_net "Net-(C25-Pad1)")
    (add_net "Net-(C8-Pad1)")
    (add_net "Net-(C8-Pad2)")
    (add_net "Net-(C9-Pad2)")
    (add_net "Net-(D2-Pad1)")
    (add_net "Net-(D3-Pad2)")
    (add_net "Net-(D4-Pad2)")
    (add_net "Net-(D7-Pad1)")
    (add_net "Net-(D7-Pad2)")
    (add_net "Net-(DNP1-Pad2)")
    (add_net "Net-(F1-Pad1)")
    (add_net "Net-(F1-Pad2)")
    (add_net "Net-(J1-Pad1)")
    (add_net "Net-(J1-Pad3)")
    (add_net "Net-(J8-Pad2)")
    (add_net "Net-(J8-Pad3)")
    (add_net "Net-(J8-Pad4)")
    (add_net "Net-(J8-Pad5)")
    (add_net "Net-(K1-Pad3)")
    (add_net "Net-(K1-Pad4)")
    (add_net "Net-(PS1-Pad5)")
    (add_net "Net-(PS1-Pad8)")
    (add_net "Net-(Q1-Pad1)")
    (add_net "Net-(Q1-Pad3)")
    (add_net "Net-(Q3-Pad3)")
    (add_net "Net-(Q4-Pad1)")
    (add_net "Net-(Q4-Pad2)")
    (add_net "Net-(R1-Pad2)")
    (add_net "Net-(R13-Pad2)")
    (add_net "Net-(R14-Pad1)")
    (add_net "Net-(R15-Pad2)")
    (add_net "Net-(R16-Pad2)")
    (add_net "Net-(R17-Pad2)")
    (add_net "Net-(R18-Pad2)")
    (add_net "Net-(R19-Pad2)")
    (add_net "Net-(R2-Pad1)")
    (add_net "Net-(R3-Pad1)")
    (add_net "Net-(R34-Pad1)")
    (add_net "Net-(R4-Pad2)")
    (add_net "Net-(R7-Pad1)")
    (add_net "Net-(R9-Pad2)")
    (add_net "Net-(T1-Pad5)")
    (add_net "Net-(T1-Pad8)")
    (add_net "Net-(U1-Pad17)")
    (add_net "Net-(U1-Pad19)")
    (add_net "Net-(U10-Pad12)")
    (add_net "Net-(U10-Pad5)")
    (add_net "Net-(U2-Pad1)")
    (add_net "Net-(U3-Pad21)")
  )

  (module footprints:C_0805_OEM (layer F.Cu) (tedit 5C3D8347) (tstamp 606283CB)
    (at 190.5 109.22 180)
    (descr "Capacitor SMD 0805, reflow soldering, AVX (see smccp.pdf)")
    (tags "capacitor 0805")
    (path /5F8B3031/60347394)
    (attr smd)
    (fp_text reference C15 (at 3.81 0) (layer F.SilkS)
      (effects (font (size 1 1) (thickness 0.15)))
    )
    (fp_text value C_1uF (at 0 1.75) (layer F.Fab) hide
      (effects (font (size 1 1) (thickness 0.15)))
    )
    (fp_line (start 1.75 0.87) (end -1.75 0.87) (layer F.CrtYd) (width 0.05))
    (fp_line (start 1.75 0.87) (end 1.75 -0.88) (layer F.CrtYd) (width 0.05))
    (fp_line (start -1.75 -0.88) (end -1.75 0.87) (layer F.CrtYd) (width 0.05))
    (fp_line (start -1.75 -0.88) (end 1.75 -0.88) (layer F.CrtYd) (width 0.05))
    (fp_line (start -0.5 0.85) (end 0.5 0.85) (layer F.SilkS) (width 0.12))
    (fp_line (start 0.5 -0.85) (end -0.5 -0.85) (layer F.SilkS) (width 0.12))
    (fp_line (start -1 -0.62) (end 1 -0.62) (layer F.Fab) (width 0.1))
    (fp_line (start 1 -0.62) (end 1 0.62) (layer F.Fab) (width 0.1))
    (fp_line (start 1 0.62) (end -1 0.62) (layer F.Fab) (width 0.1))
    (fp_line (start -1 0.62) (end -1 -0.62) (layer F.Fab) (width 0.1))
    (pad 1 smd rect (at -1 0 180) (size 1 1.25) (layers F.Cu F.Paste F.Mask)
      (net 10 "Net-(C15-Pad1)"))
    (pad 2 smd rect (at 1 0 180) (size 1 1.25) (layers F.Cu F.Paste F.Mask)
      (net 1 GND))
    (model ${LOCAL_DIR}/OEM_Preferred_Parts/3DModels/C_0805_OEM/C_0805.step
      (at (xyz 0 0 0))
      (scale (xyz 1 1 1))
      (rotate (xyz 0 0 0))
    )
    (model ${LOCAL_DIR}/OEM_Preferred_Parts/3DModels/C_0805_OEM/C_0805.step
      (at (xyz 0 0 0))
      (scale (xyz 1 1 1))
      (rotate (xyz 0 0 0))
    )
  )

  (module footprints:C_0805_OEM (layer F.Cu) (tedit 5C3D8347) (tstamp 60672FA0)
    (at 151.511 168.91)
    (descr "Capacitor SMD 0805, reflow soldering, AVX (see smccp.pdf)")
    (tags "capacitor 0805")
    (path /5F8B2FE7/5FBDABE7)
    (attr smd)
    (fp_text reference C1 (at -3.81 0) (layer F.SilkS)
      (effects (font (size 1 1) (thickness 0.15)))
    )
    (fp_text value C_10uF_50V (at 0 1.75) (layer F.Fab) hide
      (effects (font (size 1 1) (thickness 0.15)))
    )
    (fp_line (start 1.75 0.87) (end -1.75 0.87) (layer F.CrtYd) (width 0.05))
    (fp_line (start 1.75 0.87) (end 1.75 -0.88) (layer F.CrtYd) (width 0.05))
    (fp_line (start -1.75 -0.88) (end -1.75 0.87) (layer F.CrtYd) (width 0.05))
    (fp_line (start -1.75 -0.88) (end 1.75 -0.88) (layer F.CrtYd) (width 0.05))
    (fp_line (start -0.5 0.85) (end 0.5 0.85) (layer F.SilkS) (width 0.12))
    (fp_line (start 0.5 -0.85) (end -0.5 -0.85) (layer F.SilkS) (width 0.12))
    (fp_line (start -1 -0.62) (end 1 -0.62) (layer F.Fab) (width 0.1))
    (fp_line (start 1 -0.62) (end 1 0.62) (layer F.Fab) (width 0.1))
    (fp_line (start 1 0.62) (end -1 0.62) (layer F.Fab) (width 0.1))
    (fp_line (start -1 0.62) (end -1 -0.62) (layer F.Fab) (width 0.1))
    (pad 1 smd rect (at -1 0) (size 1 1.25) (layers F.Cu F.Paste F.Mask)
      (net 1 GND))
    (pad 2 smd rect (at 1 0) (size 1 1.25) (layers F.Cu F.Paste F.Mask)
      (net 2 "/Buck Converter/+24V"))
    (model ${LOCAL_DIR}/OEM_Preferred_Parts/3DModels/C_0805_OEM/C_0805.step
      (at (xyz 0 0 0))
      (scale (xyz 1 1 1))
      (rotate (xyz 0 0 0))
    )
    (model ${LOCAL_DIR}/OEM_Preferred_Parts/3DModels/C_0805_OEM/C_0805.step
      (at (xyz 0 0 0))
      (scale (xyz 1 1 1))
      (rotate (xyz 0 0 0))
    )
  )

  (module footprints:C_0805_OEM (layer F.Cu) (tedit 5C3D8347) (tstamp 60672FFA)
    (at 123.19 130.175 270)
    (descr "Capacitor SMD 0805, reflow soldering, AVX (see smccp.pdf)")
    (tags "capacitor 0805")
    (path /5F8B2FE7/6033AC91)
    (attr smd)
    (fp_text reference C2 (at 0 -1.5 90) (layer F.SilkS)
      (effects (font (size 1 1) (thickness 0.15)))
    )
    (fp_text value C_1uF (at 0 1.75 90) (layer F.Fab) hide
      (effects (font (size 1 1) (thickness 0.15)))
    )
    (fp_line (start -1 0.62) (end -1 -0.62) (layer F.Fab) (width 0.1))
    (fp_line (start 1 0.62) (end -1 0.62) (layer F.Fab) (width 0.1))
    (fp_line (start 1 -0.62) (end 1 0.62) (layer F.Fab) (width 0.1))
    (fp_line (start -1 -0.62) (end 1 -0.62) (layer F.Fab) (width 0.1))
    (fp_line (start 0.5 -0.85) (end -0.5 -0.85) (layer F.SilkS) (width 0.12))
    (fp_line (start -0.5 0.85) (end 0.5 0.85) (layer F.SilkS) (width 0.12))
    (fp_line (start -1.75 -0.88) (end 1.75 -0.88) (layer F.CrtYd) (width 0.05))
    (fp_line (start -1.75 -0.88) (end -1.75 0.87) (layer F.CrtYd) (width 0.05))
    (fp_line (start 1.75 0.87) (end 1.75 -0.88) (layer F.CrtYd) (width 0.05))
    (fp_line (start 1.75 0.87) (end -1.75 0.87) (layer F.CrtYd) (width 0.05))
    (pad 2 smd rect (at 1 0 270) (size 1 1.25) (layers F.Cu F.Paste F.Mask)
      (net 3 "Net-(C2-Pad2)"))
    (pad 1 smd rect (at -1 0 270) (size 1 1.25) (layers F.Cu F.Paste F.Mask)
      (net 2 "/Buck Converter/+24V"))
    (model ${LOCAL_DIR}/OEM_Preferred_Parts/3DModels/C_0805_OEM/C_0805.step
      (at (xyz 0 0 0))
      (scale (xyz 1 1 1))
      (rotate (xyz 0 0 0))
    )
    (model ${LOCAL_DIR}/OEM_Preferred_Parts/3DModels/C_0805_OEM/C_0805.step
      (at (xyz 0 0 0))
      (scale (xyz 1 1 1))
      (rotate (xyz 0 0 0))
    )
  )

  (module footprints:C_0805_OEM (layer F.Cu) (tedit 5C3D8347) (tstamp 60672FCD)
    (at 104.14 120.65 90)
    (descr "Capacitor SMD 0805, reflow soldering, AVX (see smccp.pdf)")
    (tags "capacitor 0805")
    (path /5F8B2FE7/5FB21647)
    (attr smd)
    (fp_text reference C3 (at 2.54 0 180) (layer F.SilkS)
      (effects (font (size 1 1) (thickness 0.15)))
    )
    (fp_text value C (at 0 1.75 90) (layer F.Fab) hide
      (effects (font (size 1 1) (thickness 0.15)))
    )
    (fp_line (start 1.75 0.87) (end -1.75 0.87) (layer F.CrtYd) (width 0.05))
    (fp_line (start 1.75 0.87) (end 1.75 -0.88) (layer F.CrtYd) (width 0.05))
    (fp_line (start -1.75 -0.88) (end -1.75 0.87) (layer F.CrtYd) (width 0.05))
    (fp_line (start -1.75 -0.88) (end 1.75 -0.88) (layer F.CrtYd) (width 0.05))
    (fp_line (start -0.5 0.85) (end 0.5 0.85) (layer F.SilkS) (width 0.12))
    (fp_line (start 0.5 -0.85) (end -0.5 -0.85) (layer F.SilkS) (width 0.12))
    (fp_line (start -1 -0.62) (end 1 -0.62) (layer F.Fab) (width 0.1))
    (fp_line (start 1 -0.62) (end 1 0.62) (layer F.Fab) (width 0.1))
    (fp_line (start 1 0.62) (end -1 0.62) (layer F.Fab) (width 0.1))
    (fp_line (start -1 0.62) (end -1 -0.62) (layer F.Fab) (width 0.1))
    (pad 1 smd rect (at -1 0 90) (size 1 1.25) (layers F.Cu F.Paste F.Mask)
      (net 2 "/Buck Converter/+24V"))
    (pad 2 smd rect (at 1 0 90) (size 1 1.25) (layers F.Cu F.Paste F.Mask)
      (net 1 GND))
    (model ${LOCAL_DIR}/OEM_Preferred_Parts/3DModels/C_0805_OEM/C_0805.step
      (at (xyz 0 0 0))
      (scale (xyz 1 1 1))
      (rotate (xyz 0 0 0))
    )
    (model ${LOCAL_DIR}/OEM_Preferred_Parts/3DModels/C_0805_OEM/C_0805.step
      (at (xyz 0 0 0))
      (scale (xyz 1 1 1))
      (rotate (xyz 0 0 0))
    )
  )

  (module footprints:C_0805_OEM (layer F.Cu) (tedit 5C3D8347) (tstamp 60673081)
    (at 106.68 120.65 90)
    (descr "Capacitor SMD 0805, reflow soldering, AVX (see smccp.pdf)")
    (tags "capacitor 0805")
    (path /5F8B2FE7/5FB2F508)
    (attr smd)
    (fp_text reference C4 (at 2.54 0 180) (layer F.SilkS)
      (effects (font (size 1 1) (thickness 0.15)))
    )
    (fp_text value C (at 0 1.75 90) (layer F.Fab) hide
      (effects (font (size 1 1) (thickness 0.15)))
    )
    (fp_line (start -1 0.62) (end -1 -0.62) (layer F.Fab) (width 0.1))
    (fp_line (start 1 0.62) (end -1 0.62) (layer F.Fab) (width 0.1))
    (fp_line (start 1 -0.62) (end 1 0.62) (layer F.Fab) (width 0.1))
    (fp_line (start -1 -0.62) (end 1 -0.62) (layer F.Fab) (width 0.1))
    (fp_line (start 0.5 -0.85) (end -0.5 -0.85) (layer F.SilkS) (width 0.12))
    (fp_line (start -0.5 0.85) (end 0.5 0.85) (layer F.SilkS) (width 0.12))
    (fp_line (start -1.75 -0.88) (end 1.75 -0.88) (layer F.CrtYd) (width 0.05))
    (fp_line (start -1.75 -0.88) (end -1.75 0.87) (layer F.CrtYd) (width 0.05))
    (fp_line (start 1.75 0.87) (end 1.75 -0.88) (layer F.CrtYd) (width 0.05))
    (fp_line (start 1.75 0.87) (end -1.75 0.87) (layer F.CrtYd) (width 0.05))
    (pad 2 smd rect (at 1 0 90) (size 1 1.25) (layers F.Cu F.Paste F.Mask)
      (net 1 GND))
    (pad 1 smd rect (at -1 0 90) (size 1 1.25) (layers F.Cu F.Paste F.Mask)
      (net 2 "/Buck Converter/+24V"))
    (model ${LOCAL_DIR}/OEM_Preferred_Parts/3DModels/C_0805_OEM/C_0805.step
      (at (xyz 0 0 0))
      (scale (xyz 1 1 1))
      (rotate (xyz 0 0 0))
    )
    (model ${LOCAL_DIR}/OEM_Preferred_Parts/3DModels/C_0805_OEM/C_0805.step
      (at (xyz 0 0 0))
      (scale (xyz 1 1 1))
      (rotate (xyz 0 0 0))
    )
  )

  (module footprints:C_0805_OEM (layer F.Cu) (tedit 5C3D8347) (tstamp 60672F73)
    (at 109.22 120.65 90)
    (descr "Capacitor SMD 0805, reflow soldering, AVX (see smccp.pdf)")
    (tags "capacitor 0805")
    (path /5F8B2FE7/5FB30154)
    (attr smd)
    (fp_text reference C5 (at 2.54 0 180) (layer F.SilkS)
      (effects (font (size 1 1) (thickness 0.15)))
    )
    (fp_text value C (at 0 1.75 90) (layer F.Fab) hide
      (effects (font (size 1 1) (thickness 0.15)))
    )
    (fp_line (start 1.75 0.87) (end -1.75 0.87) (layer F.CrtYd) (width 0.05))
    (fp_line (start 1.75 0.87) (end 1.75 -0.88) (layer F.CrtYd) (width 0.05))
    (fp_line (start -1.75 -0.88) (end -1.75 0.87) (layer F.CrtYd) (width 0.05))
    (fp_line (start -1.75 -0.88) (end 1.75 -0.88) (layer F.CrtYd) (width 0.05))
    (fp_line (start -0.5 0.85) (end 0.5 0.85) (layer F.SilkS) (width 0.12))
    (fp_line (start 0.5 -0.85) (end -0.5 -0.85) (layer F.SilkS) (width 0.12))
    (fp_line (start -1 -0.62) (end 1 -0.62) (layer F.Fab) (width 0.1))
    (fp_line (start 1 -0.62) (end 1 0.62) (layer F.Fab) (width 0.1))
    (fp_line (start 1 0.62) (end -1 0.62) (layer F.Fab) (width 0.1))
    (fp_line (start -1 0.62) (end -1 -0.62) (layer F.Fab) (width 0.1))
    (pad 1 smd rect (at -1 0 90) (size 1 1.25) (layers F.Cu F.Paste F.Mask)
      (net 2 "/Buck Converter/+24V"))
    (pad 2 smd rect (at 1 0 90) (size 1 1.25) (layers F.Cu F.Paste F.Mask)
      (net 1 GND))
    (model ${LOCAL_DIR}/OEM_Preferred_Parts/3DModels/C_0805_OEM/C_0805.step
      (at (xyz 0 0 0))
      (scale (xyz 1 1 1))
      (rotate (xyz 0 0 0))
    )
    (model ${LOCAL_DIR}/OEM_Preferred_Parts/3DModels/C_0805_OEM/C_0805.step
      (at (xyz 0 0 0))
      (scale (xyz 1 1 1))
      (rotate (xyz 0 0 0))
    )
  )

  (module footprints:C_0805_OEM (layer F.Cu) (tedit 5C3D8347) (tstamp 60672F46)
    (at 111.76 120.65 90)
    (descr "Capacitor SMD 0805, reflow soldering, AVX (see smccp.pdf)")
    (tags "capacitor 0805")
    (path /5F8B2FE7/5FB30ED5)
    (attr smd)
    (fp_text reference C6 (at 2.54 0 180) (layer F.SilkS)
      (effects (font (size 1 1) (thickness 0.15)))
    )
    (fp_text value C (at 0 1.75 90) (layer F.Fab) hide
      (effects (font (size 1 1) (thickness 0.15)))
    )
    (fp_line (start 1.75 0.87) (end -1.75 0.87) (layer F.CrtYd) (width 0.05))
    (fp_line (start 1.75 0.87) (end 1.75 -0.88) (layer F.CrtYd) (width 0.05))
    (fp_line (start -1.75 -0.88) (end -1.75 0.87) (layer F.CrtYd) (width 0.05))
    (fp_line (start -1.75 -0.88) (end 1.75 -0.88) (layer F.CrtYd) (width 0.05))
    (fp_line (start -0.5 0.85) (end 0.5 0.85) (layer F.SilkS) (width 0.12))
    (fp_line (start 0.5 -0.85) (end -0.5 -0.85) (layer F.SilkS) (width 0.12))
    (fp_line (start -1 -0.62) (end 1 -0.62) (layer F.Fab) (width 0.1))
    (fp_line (start 1 -0.62) (end 1 0.62) (layer F.Fab) (width 0.1))
    (fp_line (start 1 0.62) (end -1 0.62) (layer F.Fab) (width 0.1))
    (fp_line (start -1 0.62) (end -1 -0.62) (layer F.Fab) (width 0.1))
    (pad 1 smd rect (at -1 0 90) (size 1 1.25) (layers F.Cu F.Paste F.Mask)
      (net 2 "/Buck Converter/+24V"))
    (pad 2 smd rect (at 1 0 90) (size 1 1.25) (layers F.Cu F.Paste F.Mask)
      (net 1 GND))
    (model ${LOCAL_DIR}/OEM_Preferred_Parts/3DModels/C_0805_OEM/C_0805.step
      (at (xyz 0 0 0))
      (scale (xyz 1 1 1))
      (rotate (xyz 0 0 0))
    )
    (model ${LOCAL_DIR}/OEM_Preferred_Parts/3DModels/C_0805_OEM/C_0805.step
      (at (xyz 0 0 0))
      (scale (xyz 1 1 1))
      (rotate (xyz 0 0 0))
    )
  )

  (module footprints:C_0805_OEM (layer F.Cu) (tedit 5C3D8347) (tstamp 606730AE)
    (at 114.3 120.65 90)
    (descr "Capacitor SMD 0805, reflow soldering, AVX (see smccp.pdf)")
    (tags "capacitor 0805")
    (path /5F8B2FE7/5FB15052)
    (attr smd)
    (fp_text reference C7 (at 2.54 0 180) (layer F.SilkS)
      (effects (font (size 1 1) (thickness 0.15)))
    )
    (fp_text value C_2.2uF (at 0 1.75 90) (layer F.Fab) hide
      (effects (font (size 1 1) (thickness 0.15)))
    )
    (fp_line (start 1.75 0.87) (end -1.75 0.87) (layer F.CrtYd) (width 0.05))
    (fp_line (start 1.75 0.87) (end 1.75 -0.88) (layer F.CrtYd) (width 0.05))
    (fp_line (start -1.75 -0.88) (end -1.75 0.87) (layer F.CrtYd) (width 0.05))
    (fp_line (start -1.75 -0.88) (end 1.75 -0.88) (layer F.CrtYd) (width 0.05))
    (fp_line (start -0.5 0.85) (end 0.5 0.85) (layer F.SilkS) (width 0.12))
    (fp_line (start 0.5 -0.85) (end -0.5 -0.85) (layer F.SilkS) (width 0.12))
    (fp_line (start -1 -0.62) (end 1 -0.62) (layer F.Fab) (width 0.1))
    (fp_line (start 1 -0.62) (end 1 0.62) (layer F.Fab) (width 0.1))
    (fp_line (start 1 0.62) (end -1 0.62) (layer F.Fab) (width 0.1))
    (fp_line (start -1 0.62) (end -1 -0.62) (layer F.Fab) (width 0.1))
    (pad 1 smd rect (at -1 0 90) (size 1 1.25) (layers F.Cu F.Paste F.Mask)
      (net 2 "/Buck Converter/+24V"))
    (pad 2 smd rect (at 1 0 90) (size 1 1.25) (layers F.Cu F.Paste F.Mask)
      (net 1 GND))
    (model ${LOCAL_DIR}/OEM_Preferred_Parts/3DModels/C_0805_OEM/C_0805.step
      (at (xyz 0 0 0))
      (scale (xyz 1 1 1))
      (rotate (xyz 0 0 0))
    )
    (model ${LOCAL_DIR}/OEM_Preferred_Parts/3DModels/C_0805_OEM/C_0805.step
      (at (xyz 0 0 0))
      (scale (xyz 1 1 1))
      (rotate (xyz 0 0 0))
    )
  )

  (module footprints:C_1206_OEM (layer F.Cu) (tedit 5C16B943) (tstamp 60673027)
    (at 127 157.48)
    (descr "Capacitor SMD 1206, reflow soldering, AVX (see smccp.pdf)")
    (tags "capacitor 1206")
    (path /5F8B2FE7/6098ADF2)
    (attr smd)
    (fp_text reference C8 (at 0 -2.54) (layer F.SilkS)
      (effects (font (size 1 1) (thickness 0.15)))
    )
    (fp_text value C_4.7nF (at 0 2) (layer F.Fab) hide
      (effects (font (size 1 1) (thickness 0.15)))
    )
    (fp_line (start 2.25 1.05) (end -2.25 1.05) (layer F.CrtYd) (width 0.05))
    (fp_line (start 2.25 1.05) (end 2.25 -1.05) (layer F.CrtYd) (width 0.05))
    (fp_line (start -2.25 -1.05) (end -2.25 1.05) (layer F.CrtYd) (width 0.05))
    (fp_line (start -2.25 -1.05) (end 2.25 -1.05) (layer F.CrtYd) (width 0.05))
    (fp_line (start -1 1.02) (end 1 1.02) (layer F.SilkS) (width 0.12))
    (fp_line (start 1 -1.02) (end -1 -1.02) (layer F.SilkS) (width 0.12))
    (fp_line (start -1.6 -0.8) (end 1.6 -0.8) (layer F.Fab) (width 0.1))
    (fp_line (start 1.6 -0.8) (end 1.6 0.8) (layer F.Fab) (width 0.1))
    (fp_line (start 1.6 0.8) (end -1.6 0.8) (layer F.Fab) (width 0.1))
    (fp_line (start -1.6 0.8) (end -1.6 -0.8) (layer F.Fab) (width 0.1))
    (pad 1 smd rect (at -1.5 0) (size 1 1.6) (layers F.Cu F.Paste F.Mask)
      (net 4 "Net-(C8-Pad1)"))
    (pad 2 smd rect (at 1.5 0) (size 1 1.6) (layers F.Cu F.Paste F.Mask)
      (net 5 "Net-(C8-Pad2)"))
    (model ${LOCAL_DIR}/OEM_Preferred_Parts/3DModels/C_1206_OEM/C_1206_OEM.wrl
      (at (xyz 0 0 0))
      (scale (xyz 1 1 1))
      (rotate (xyz 0 0 0))
    )
  )

  (module footprints:C_1206_OEM (layer F.Cu) (tedit 5C16B943) (tstamp 60673054)
    (at 127 151.13)
    (descr "Capacitor SMD 1206, reflow soldering, AVX (see smccp.pdf)")
    (tags "capacitor 1206")
    (path /5F8B2FE7/6098CB99)
    (attr smd)
    (fp_text reference C9 (at 0 -2.54) (layer F.SilkS)
      (effects (font (size 1 1) (thickness 0.15)))
    )
    (fp_text value C_4.7nF (at 0 2) (layer F.Fab) hide
      (effects (font (size 1 1) (thickness 0.15)))
    )
    (fp_line (start -1.6 0.8) (end -1.6 -0.8) (layer F.Fab) (width 0.1))
    (fp_line (start 1.6 0.8) (end -1.6 0.8) (layer F.Fab) (width 0.1))
    (fp_line (start 1.6 -0.8) (end 1.6 0.8) (layer F.Fab) (width 0.1))
    (fp_line (start -1.6 -0.8) (end 1.6 -0.8) (layer F.Fab) (width 0.1))
    (fp_line (start 1 -1.02) (end -1 -1.02) (layer F.SilkS) (width 0.12))
    (fp_line (start -1 1.02) (end 1 1.02) (layer F.SilkS) (width 0.12))
    (fp_line (start -2.25 -1.05) (end 2.25 -1.05) (layer F.CrtYd) (width 0.05))
    (fp_line (start -2.25 -1.05) (end -2.25 1.05) (layer F.CrtYd) (width 0.05))
    (fp_line (start 2.25 1.05) (end 2.25 -1.05) (layer F.CrtYd) (width 0.05))
    (fp_line (start 2.25 1.05) (end -2.25 1.05) (layer F.CrtYd) (width 0.05))
    (pad 2 smd rect (at 1.5 0) (size 1 1.6) (layers F.Cu F.Paste F.Mask)
      (net 6 "Net-(C9-Pad2)"))
    (pad 1 smd rect (at -1.5 0) (size 1 1.6) (layers F.Cu F.Paste F.Mask)
      (net 4 "Net-(C8-Pad1)"))
    (model ${LOCAL_DIR}/OEM_Preferred_Parts/3DModels/C_1206_OEM/C_1206_OEM.wrl
      (at (xyz 0 0 0))
      (scale (xyz 1 1 1))
      (rotate (xyz 0 0 0))
    )
  )

  (module "footprints:1812(4532Metric)" (layer F.Cu) (tedit 5FBC023E) (tstamp 60672ECC)
    (at 86.36 144.78 180)
    (path /5F8B2FE7/607FBCA8)
    (attr smd)
    (fp_text reference C10 (at -2.9 0 90) (layer F.SilkS)
      (effects (font (size 1 1) (thickness 0.15)))
    )
    (fp_text value C_0.47uF (at 0.25 4.5) (layer F.Fab)
      (effects (font (size 1 1) (thickness 0.15)))
    )
    (fp_line (start -1.9 3.5) (end -1.9 -3.5) (layer F.SilkS) (width 0.12))
    (fp_line (start -1.9 -3.5) (end 1.9 -3.5) (layer F.SilkS) (width 0.12))
    (fp_line (start 1.9 -3.5) (end 1.9 3.5) (layer F.SilkS) (width 0.12))
    (fp_line (start 1.9 3.5) (end -1.9 3.5) (layer F.SilkS) (width 0.12))
    (fp_line (start -1.65 -3.25) (end 1.65 -3.25) (layer F.CrtYd) (width 0.05))
    (fp_line (start 1.65 -3.25) (end 1.65 3.25) (layer F.CrtYd) (width 0.05))
    (fp_line (start 1.65 3.25) (end -1.65 3.25) (layer F.CrtYd) (width 0.05))
    (fp_line (start -1.65 3.25) (end -1.65 -3.25) (layer F.CrtYd) (width 0.05))
    (pad 2 smd rect (at 0 -2.3 180) (size 2.8 1.4) (layers F.Cu F.Paste F.Mask)
      (net 7 "/Flyback Converter/HV-"))
    (pad 1 smd rect (at 0 2.3 180) (size 2.8 1.4) (layers F.Cu F.Paste F.Mask)
      (net 8 "/Flyback Converter/HV+"))
  )

  (module footprints:C_10uF_450V (layer F.Cu) (tedit 5E547B34) (tstamp 60672F0A)
    (at 73.66 144.78)
    (descr "Capacitor SMD ")
    (tags capacitor)
    (path /5F8B2FE7/607846B4)
    (attr smd)
    (fp_text reference C11 (at -3.05 6.53 90) (layer F.SilkS)
      (effects (font (size 1 1) (thickness 0.15)))
    )
    (fp_text value C_10uF (at -4.78 7.22 90) (layer F.Fab) hide
      (effects (font (size 1 1) (thickness 0.15)))
    )
    (fp_line (start 9.5 -3.05) (end 9.5 16.05) (layer F.CrtYd) (width 0.05))
    (fp_line (start -9.5 16.05) (end 9.5 16.05) (layer F.CrtYd) (width 0.05))
    (fp_line (start -9.5 -3.05) (end 9.5 -3.05) (layer F.CrtYd) (width 0.05))
    (fp_line (start -9.5 -3.05) (end -9.5 16.05) (layer F.CrtYd) (width 0.05))
    (pad 1 smd rect (at 0 0) (size 2.5 7.5) (layers F.Cu F.Paste F.Mask)
      (net 8 "/Flyback Converter/HV+"))
    (pad 2 smd rect (at 0 13.5) (size 2.5 7.5) (layers F.Cu F.Paste F.Mask)
      (net 7 "/Flyback Converter/HV-"))
  )

  (module footprints:C_10uF_450V (layer F.Cu) (tedit 5E547B34) (tstamp 60672F25)
    (at 53.34 144.78)
    (descr "Capacitor SMD ")
    (tags capacitor)
    (path /5F8B2FE7/60787868)
    (attr smd)
    (fp_text reference C12 (at -3.05 6.53 90) (layer F.SilkS)
      (effects (font (size 1 1) (thickness 0.15)))
    )
    (fp_text value C_10uF (at -4.78 7.22 90) (layer F.Fab) hide
      (effects (font (size 1 1) (thickness 0.15)))
    )
    (fp_line (start -9.5 -3.05) (end -9.5 16.05) (layer F.CrtYd) (width 0.05))
    (fp_line (start -9.5 -3.05) (end 9.5 -3.05) (layer F.CrtYd) (width 0.05))
    (fp_line (start -9.5 16.05) (end 9.5 16.05) (layer F.CrtYd) (width 0.05))
    (fp_line (start 9.5 -3.05) (end 9.5 16.05) (layer F.CrtYd) (width 0.05))
    (pad 2 smd rect (at 0 13.5) (size 2.5 7.5) (layers F.Cu F.Paste F.Mask)
      (net 7 "/Flyback Converter/HV-"))
    (pad 1 smd rect (at 0 0) (size 2.5 7.5) (layers F.Cu F.Paste F.Mask)
      (net 8 "/Flyback Converter/HV+"))
  )

  (module footprints:C_10uF_450V (layer F.Cu) (tedit 5E547B34) (tstamp 60672EEF)
    (at 33.02 144.78)
    (descr "Capacitor SMD ")
    (tags capacitor)
    (path /5F8B2FE7/607EF6EE)
    (attr smd)
    (fp_text reference C13 (at -3.05 6.53 90) (layer F.SilkS)
      (effects (font (size 1 1) (thickness 0.15)))
    )
    (fp_text value C_10uF (at -4.78 7.22 90) (layer F.Fab) hide
      (effects (font (size 1 1) (thickness 0.15)))
    )
    (fp_line (start 9.5 -3.05) (end 9.5 16.05) (layer F.CrtYd) (width 0.05))
    (fp_line (start -9.5 16.05) (end 9.5 16.05) (layer F.CrtYd) (width 0.05))
    (fp_line (start -9.5 -3.05) (end 9.5 -3.05) (layer F.CrtYd) (width 0.05))
    (fp_line (start -9.5 -3.05) (end -9.5 16.05) (layer F.CrtYd) (width 0.05))
    (pad 1 smd rect (at 0 0) (size 2.5 7.5) (layers F.Cu F.Paste F.Mask)
      (net 8 "/Flyback Converter/HV+"))
    (pad 2 smd rect (at 0 13.5) (size 2.5 7.5) (layers F.Cu F.Paste F.Mask)
      (net 7 "/Flyback Converter/HV-"))
  )

  (module footprints:C_0805_OEM (layer F.Cu) (tedit 5C3D8347) (tstamp 60672EA1)
    (at 82.55 119.38 90)
    (descr "Capacitor SMD 0805, reflow soldering, AVX (see smccp.pdf)")
    (tags "capacitor 0805")
    (path /5F8B2FE7/5FBEF379)
    (attr smd)
    (fp_text reference C14 (at 2.54 0 180) (layer F.SilkS)
      (effects (font (size 1 1) (thickness 0.15)))
    )
    (fp_text value C_10nF (at 0 1.75 90) (layer F.Fab) hide
      (effects (font (size 1 1) (thickness 0.15)))
    )
    (fp_line (start -1 0.62) (end -1 -0.62) (layer F.Fab) (width 0.1))
    (fp_line (start 1 0.62) (end -1 0.62) (layer F.Fab) (width 0.1))
    (fp_line (start 1 -0.62) (end 1 0.62) (layer F.Fab) (width 0.1))
    (fp_line (start -1 -0.62) (end 1 -0.62) (layer F.Fab) (width 0.1))
    (fp_line (start 0.5 -0.85) (end -0.5 -0.85) (layer F.SilkS) (width 0.12))
    (fp_line (start -0.5 0.85) (end 0.5 0.85) (layer F.SilkS) (width 0.12))
    (fp_line (start -1.75 -0.88) (end 1.75 -0.88) (layer F.CrtYd) (width 0.05))
    (fp_line (start -1.75 -0.88) (end -1.75 0.87) (layer F.CrtYd) (width 0.05))
    (fp_line (start 1.75 0.87) (end 1.75 -0.88) (layer F.CrtYd) (width 0.05))
    (fp_line (start 1.75 0.87) (end -1.75 0.87) (layer F.CrtYd) (width 0.05))
    (pad 2 smd rect (at 1 0 90) (size 1 1.25) (layers F.Cu F.Paste F.Mask)
      (net 7 "/Flyback Converter/HV-"))
    (pad 1 smd rect (at -1 0 90) (size 1 1.25) (layers F.Cu F.Paste F.Mask)
      (net 9 "/Flyback Converter/HV_V_FB"))
    (model ${LOCAL_DIR}/OEM_Preferred_Parts/3DModels/C_0805_OEM/C_0805.step
      (at (xyz 0 0 0))
      (scale (xyz 1 1 1))
      (rotate (xyz 0 0 0))
    )
    (model ${LOCAL_DIR}/OEM_Preferred_Parts/3DModels/C_0805_OEM/C_0805.step
      (at (xyz 0 0 0))
      (scale (xyz 1 1 1))
      (rotate (xyz 0 0 0))
    )
  )

  (module footprints:C_0805_OEM (layer F.Cu) (tedit 5C3D8347) (tstamp 6070727C)
    (at 154.94 68.58 270)
    (descr "Capacitor SMD 0805, reflow soldering, AVX (see smccp.pdf)")
    (tags "capacitor 0805")
    (path /5F8B307F/60278E8A)
    (attr smd)
    (fp_text reference C16 (at 0 2.54 90) (layer F.SilkS)
      (effects (font (size 1 1) (thickness 0.15)))
    )
    (fp_text value C_0.1uF (at 0 1.75 90) (layer F.Fab) hide
      (effects (font (size 1 1) (thickness 0.15)))
    )
    (fp_line (start 1.75 0.87) (end -1.75 0.87) (layer F.CrtYd) (width 0.05))
    (fp_line (start 1.75 0.87) (end 1.75 -0.88) (layer F.CrtYd) (width 0.05))
    (fp_line (start -1.75 -0.88) (end -1.75 0.87) (layer F.CrtYd) (width 0.05))
    (fp_line (start -1.75 -0.88) (end 1.75 -0.88) (layer F.CrtYd) (width 0.05))
    (fp_line (start -0.5 0.85) (end 0.5 0.85) (layer F.SilkS) (width 0.12))
    (fp_line (start 0.5 -0.85) (end -0.5 -0.85) (layer F.SilkS) (width 0.12))
    (fp_line (start -1 -0.62) (end 1 -0.62) (layer F.Fab) (width 0.1))
    (fp_line (start 1 -0.62) (end 1 0.62) (layer F.Fab) (width 0.1))
    (fp_line (start 1 0.62) (end -1 0.62) (layer F.Fab) (width 0.1))
    (fp_line (start -1 0.62) (end -1 -0.62) (layer F.Fab) (width 0.1))
    (pad 1 smd rect (at -1 0 270) (size 1 1.25) (layers F.Cu F.Paste F.Mask)
      (net 11 +5V))
    (pad 2 smd rect (at 1 0 270) (size 1 1.25) (layers F.Cu F.Paste F.Mask)
      (net 1 GND))
    (model ${LOCAL_DIR}/OEM_Preferred_Parts/3DModels/C_0805_OEM/C_0805.step
      (at (xyz 0 0 0))
      (scale (xyz 1 1 1))
      (rotate (xyz 0 0 0))
    )
    (model ${LOCAL_DIR}/OEM_Preferred_Parts/3DModels/C_0805_OEM/C_0805.step
      (at (xyz 0 0 0))
      (scale (xyz 1 1 1))
      (rotate (xyz 0 0 0))
    )
  )

  (module footprints:C_0805_OEM (layer F.Cu) (tedit 5C3D8347) (tstamp 607072A9)
    (at 157.48 53.34)
    (descr "Capacitor SMD 0805, reflow soldering, AVX (see smccp.pdf)")
    (tags "capacitor 0805")
    (path /5F8B307F/6027E883)
    (attr smd)
    (fp_text reference C17 (at 1.27 -2.54 -270) (layer F.SilkS)
      (effects (font (size 1 1) (thickness 0.15)))
    )
    (fp_text value C_100pF (at 0 1.75) (layer F.Fab) hide
      (effects (font (size 1 1) (thickness 0.15)))
    )
    (fp_line (start -1 0.62) (end -1 -0.62) (layer F.Fab) (width 0.1))
    (fp_line (start 1 0.62) (end -1 0.62) (layer F.Fab) (width 0.1))
    (fp_line (start 1 -0.62) (end 1 0.62) (layer F.Fab) (width 0.1))
    (fp_line (start -1 -0.62) (end 1 -0.62) (layer F.Fab) (width 0.1))
    (fp_line (start 0.5 -0.85) (end -0.5 -0.85) (layer F.SilkS) (width 0.12))
    (fp_line (start -0.5 0.85) (end 0.5 0.85) (layer F.SilkS) (width 0.12))
    (fp_line (start -1.75 -0.88) (end 1.75 -0.88) (layer F.CrtYd) (width 0.05))
    (fp_line (start -1.75 -0.88) (end -1.75 0.87) (layer F.CrtYd) (width 0.05))
    (fp_line (start 1.75 0.87) (end 1.75 -0.88) (layer F.CrtYd) (width 0.05))
    (fp_line (start 1.75 0.87) (end -1.75 0.87) (layer F.CrtYd) (width 0.05))
    (pad 2 smd rect (at 1 0) (size 1 1.25) (layers F.Cu F.Paste F.Mask)
      (net 1 GND))
    (pad 1 smd rect (at -1 0) (size 1 1.25) (layers F.Cu F.Paste F.Mask)
      (net 12 "Net-(C17-Pad1)"))
    (model ${LOCAL_DIR}/OEM_Preferred_Parts/3DModels/C_0805_OEM/C_0805.step
      (at (xyz 0 0 0))
      (scale (xyz 1 1 1))
      (rotate (xyz 0 0 0))
    )
    (model ${LOCAL_DIR}/OEM_Preferred_Parts/3DModels/C_0805_OEM/C_0805.step
      (at (xyz 0 0 0))
      (scale (xyz 1 1 1))
      (rotate (xyz 0 0 0))
    )
  )

  (module footprints:C_0805_OEM (layer F.Cu) (tedit 5C3D8347) (tstamp 607072D6)
    (at 166.751 61.214 90)
    (descr "Capacitor SMD 0805, reflow soldering, AVX (see smccp.pdf)")
    (tags "capacitor 0805")
    (path /5F8B307F/5FA4BADB)
    (attr smd)
    (fp_text reference C18 (at 0 2.667 180) (layer F.SilkS)
      (effects (font (size 1 1) (thickness 0.15)))
    )
    (fp_text value C_30pF (at 0 1.75 90) (layer F.Fab) hide
      (effects (font (size 1 1) (thickness 0.15)))
    )
    (fp_line (start -1 0.62) (end -1 -0.62) (layer F.Fab) (width 0.1))
    (fp_line (start 1 0.62) (end -1 0.62) (layer F.Fab) (width 0.1))
    (fp_line (start 1 -0.62) (end 1 0.62) (layer F.Fab) (width 0.1))
    (fp_line (start -1 -0.62) (end 1 -0.62) (layer F.Fab) (width 0.1))
    (fp_line (start 0.5 -0.85) (end -0.5 -0.85) (layer F.SilkS) (width 0.12))
    (fp_line (start -0.5 0.85) (end 0.5 0.85) (layer F.SilkS) (width 0.12))
    (fp_line (start -1.75 -0.88) (end 1.75 -0.88) (layer F.CrtYd) (width 0.05))
    (fp_line (start -1.75 -0.88) (end -1.75 0.87) (layer F.CrtYd) (width 0.05))
    (fp_line (start 1.75 0.87) (end 1.75 -0.88) (layer F.CrtYd) (width 0.05))
    (fp_line (start 1.75 0.87) (end -1.75 0.87) (layer F.CrtYd) (width 0.05))
    (pad 2 smd rect (at 1 0 90) (size 1 1.25) (layers F.Cu F.Paste F.Mask)
      (net 1 GND))
    (pad 1 smd rect (at -1 0 90) (size 1 1.25) (layers F.Cu F.Paste F.Mask)
      (net 13 "Net-(C18-Pad1)"))
    (model ${LOCAL_DIR}/OEM_Preferred_Parts/3DModels/C_0805_OEM/C_0805.step
      (at (xyz 0 0 0))
      (scale (xyz 1 1 1))
      (rotate (xyz 0 0 0))
    )
    (model ${LOCAL_DIR}/OEM_Preferred_Parts/3DModels/C_0805_OEM/C_0805.step
      (at (xyz 0 0 0))
      (scale (xyz 1 1 1))
      (rotate (xyz 0 0 0))
    )
  )

  (module footprints:C_0805_OEM (layer F.Cu) (tedit 5C3D8347) (tstamp 6070724F)
    (at 161.29 64.77 270)
    (descr "Capacitor SMD 0805, reflow soldering, AVX (see smccp.pdf)")
    (tags "capacitor 0805")
    (path /5F8B307F/5FA4C9FC)
    (attr smd)
    (fp_text reference C19 (at 3.81 0 90) (layer F.SilkS)
      (effects (font (size 1 1) (thickness 0.15)))
    )
    (fp_text value C_30pF (at 0 1.75 90) (layer F.Fab) hide
      (effects (font (size 1 1) (thickness 0.15)))
    )
    (fp_line (start 1.75 0.87) (end -1.75 0.87) (layer F.CrtYd) (width 0.05))
    (fp_line (start 1.75 0.87) (end 1.75 -0.88) (layer F.CrtYd) (width 0.05))
    (fp_line (start -1.75 -0.88) (end -1.75 0.87) (layer F.CrtYd) (width 0.05))
    (fp_line (start -1.75 -0.88) (end 1.75 -0.88) (layer F.CrtYd) (width 0.05))
    (fp_line (start -0.5 0.85) (end 0.5 0.85) (layer F.SilkS) (width 0.12))
    (fp_line (start 0.5 -0.85) (end -0.5 -0.85) (layer F.SilkS) (width 0.12))
    (fp_line (start -1 -0.62) (end 1 -0.62) (layer F.Fab) (width 0.1))
    (fp_line (start 1 -0.62) (end 1 0.62) (layer F.Fab) (width 0.1))
    (fp_line (start 1 0.62) (end -1 0.62) (layer F.Fab) (width 0.1))
    (fp_line (start -1 0.62) (end -1 -0.62) (layer F.Fab) (width 0.1))
    (pad 1 smd rect (at -1 0 270) (size 1 1.25) (layers F.Cu F.Paste F.Mask)
      (net 14 "Net-(C19-Pad1)"))
    (pad 2 smd rect (at 1 0 270) (size 1 1.25) (layers F.Cu F.Paste F.Mask)
      (net 1 GND))
    (model ${LOCAL_DIR}/OEM_Preferred_Parts/3DModels/C_0805_OEM/C_0805.step
      (at (xyz 0 0 0))
      (scale (xyz 1 1 1))
      (rotate (xyz 0 0 0))
    )
    (model ${LOCAL_DIR}/OEM_Preferred_Parts/3DModels/C_0805_OEM/C_0805.step
      (at (xyz 0 0 0))
      (scale (xyz 1 1 1))
      (rotate (xyz 0 0 0))
    )
  )

  (module footprints:C_0805_OEM (layer F.Cu) (tedit 5C3D8347) (tstamp 6062841B)
    (at 172.72 108.204)
    (descr "Capacitor SMD 0805, reflow soldering, AVX (see smccp.pdf)")
    (tags "capacitor 0805")
    (path /605F599C/6059D072)
    (attr smd)
    (fp_text reference C20 (at 3.81 0) (layer F.SilkS)
      (effects (font (size 1 1) (thickness 0.15)))
    )
    (fp_text value C_1uF (at 0 1.75) (layer F.Fab) hide
      (effects (font (size 1 1) (thickness 0.15)))
    )
    (fp_line (start 1.75 0.87) (end -1.75 0.87) (layer F.CrtYd) (width 0.05))
    (fp_line (start 1.75 0.87) (end 1.75 -0.88) (layer F.CrtYd) (width 0.05))
