(kicad_pcb (version 20171130) (host pcbnew "(5.1.7)-1")

  (general
    (thickness 1.6)
    (drawings 20)
    (tracks 105)
    (zones 0)
    (modules 42)
    (nets 66)
  )

  (page A4)
  (layers
    (0 F.Cu signal)
    (31 B.Cu signal)
    (32 B.Adhes user)
    (33 F.Adhes user)
    (34 B.Paste user)
    (35 F.Paste user)
    (36 B.SilkS user)
    (37 F.SilkS user)
    (38 B.Mask user)
    (39 F.Mask user)
    (40 Dwgs.User user)
    (41 Cmts.User user)
    (42 Eco1.User user)
    (43 Eco2.User user)
    (44 Edge.Cuts user)
    (45 Margin user)
    (46 B.CrtYd user)
    (47 F.CrtYd user)
    (48 B.Fab user)
    (49 F.Fab user hide)
  )

  (setup
    (last_trace_width 0.254)
    (user_trace_width 0.1524)
    (user_trace_width 0.254)
    (user_trace_width 0.381)
    (trace_clearance 0.1524)
    (zone_clearance 0.1524)
    (zone_45_only no)
    (trace_min 0.1524)
    (via_size 0.6096)
    (via_drill 0.3048)
    (via_min_size 0.6096)
    (via_min_drill 0.3048)
    (user_via 0.6096 0.3048)
    (uvia_size 0.3)
    (uvia_drill 0.1)
    (uvias_allowed no)
    (uvia_min_size 0.2)
    (uvia_min_drill 0.1)
    (edge_width 0.2)
    (segment_width 0.2)
    (pcb_text_width 0.3)
    (pcb_text_size 1.5 1.5)
    (mod_edge_width 0.15)
    (mod_text_size 1 1)
    (mod_text_width 0.15)
    (pad_size 1.524 1.524)
    (pad_drill 0.762)
    (pad_to_mask_clearance 0.051)
    (solder_mask_min_width 0.25)
    (aux_axis_origin 0 0)
    (visible_elements 7FFFF7FF)
    (pcbplotparams
      (layerselection 0x010fc_ffffffff)
      (usegerberextensions false)
      (usegerberattributes false)
      (usegerberadvancedattributes false)
      (creategerberjobfile false)
      (excludeedgelayer true)
      (linewidth 0.100000)
      (plotframeref false)
      (viasonmask false)
      (mode 1)
      (useauxorigin false)
      (hpglpennumber 1)
      (hpglpenspeed 20)
      (hpglpendiameter 15.000000)
      (psnegative false)
      (psa4output false)
      (plotreference true)
      (plotvalue true)
      (plotinvisibletext false)
      (padsonsilk false)
      (subtractmaskfromsilk false)
      (outputformat 1)
      (mirror false)
      (drillshape 0)
      (scaleselection 1)
      (outputdirectory "2_26_2019/"))
  )

  (net 0 "")
  (net 1 GND)
  (net 2 "Net-(C3-Pad1)")
  (net 3 "Net-(C4-Pad1)")
  (net 4 "Net-(C5-Pad1)")
  (net 5 "Net-(C9-Pad1)")
  (net 6 "Net-(D1-Pad1)")
  (net 7 "Net-(D2-Pad1)")
  (net 8 "Net-(D3-Pad1)")
  (net 9 /DBG1)
  (net 10 "Net-(D4-Pad1)")
  (net 11 "Net-(D5-Pad1)")
  (net 12 /DBG2)
  (net 13 /DBG3)
  (net 14 "Net-(D6-Pad1)")
  (net 15 /MISO)
  (net 16 /SCK)
  (net 17 /MOSI)
  (net 18 /RESET)
  (net 19 /CAN_+)
  (net 20 "Net-(J2-Pad2)")
  (net 21 /CAN_-)
  (net 22 /RXLED)
  (net 23 /TXLED)
  (net 24 /CAN_TX)
  (net 25 /CAN_RX)
  (net 26 "Net-(U1-Pad5)")
  (net 27 "Net-(U2-Pad3)")
  (net 28 "Net-(U2-Pad13)")
  (net 29 "Net-(U2-Pad14)")
  (net 30 "Net-(U2-Pad15)")
  (net 31 "Net-(U2-Pad17)")
  (net 32 "Net-(U2-Pad18)")
  (net 33 "Net-(U2-Pad21)")
  (net 34 "Net-(U2-Pad22)")
  (net 35 "Net-(U2-Pad25)")
  (net 36 "Net-(U2-Pad26)")
  (net 37 "Net-(U2-Pad27)")
  (net 38 "Net-(U2-Pad29)")
  (net 39 "Net-(U2-Pad30)")
  (net 40 "Net-(U2-Pad32)")
  (net 41 "Net-(U3-Pad6)")
  (net 42 /USBD-)
  (net 43 "Net-(U3-Pad4)")
  (net 44 /USBD+)
  (net 45 "Net-(U4-Pad2)")
  (net 46 "Net-(U4-Pad3)")
  (net 47 "Net-(U4-Pad6)")
  (net 48 "Net-(U4-Pad9)")
  (net 49 "Net-(U4-Pad10)")
  (net 50 "Net-(U4-Pad11)")
  (net 51 "Net-(U4-Pad12)")
  (net 52 "Net-(U4-Pad13)")
  (net 53 "Net-(U4-Pad14)")
  (net 54 "Net-(U4-Pad27)")
  (net 55 "Net-(U4-Pad28)")
  (net 56 +5V)
  (net 57 "Net-(D7-Pad2)")
  (net 58 "Net-(F1-Pad2)")
  (net 59 "Net-(U2-Pad8)")
  (net 60 "Net-(U2-Pad9)")
  (net 61 "Net-(U2-Pad28)")
  (net 62 "Net-(J3-Pad1)")
  (net 63 "Net-(J4-Pad1)")
  (net 64 /UART_RXD)
  (net 65 /UART_TXD)

  (net_class Default "This is the default net class."
    (clearance 0.1524)
    (trace_width 0.1524)
    (via_dia 0.6096)
    (via_drill 0.3048)
    (uvia_dia 0.3)
    (uvia_drill 0.1)
    (add_net +5V)
    (add_net /CAN_+)
    (add_net /CAN_-)
    (add_net /CAN_RX)
    (add_net /CAN_TX)
    (add_net /DBG1)
    (add_net /DBG2)
    (add_net /DBG3)
    (add_net /MISO)
    (add_net /MOSI)
    (add_net /RESET)
    (add_net /RXLED)
    (add_net /SCK)
    (add_net /TXLED)
    (add_net /UART_RXD)
    (add_net /UART_TXD)
    (add_net GND)
    (add_net "Net-(C3-Pad1)")
    (add_net "Net-(C4-Pad1)")
    (add_net "Net-(C5-Pad1)")
    (add_net "Net-(C9-Pad1)")
    (add_net "Net-(D1-Pad1)")
    (add_net "Net-(D2-Pad1)")
    (add_net "Net-(D3-Pad1)")
    (add_net "Net-(D4-Pad1)")
    (add_net "Net-(D5-Pad1)")
    (add_net "Net-(D6-Pad1)")
    (add_net "Net-(D7-Pad2)")
    (add_net "Net-(F1-Pad2)")
    (add_net "Net-(J2-Pad2)")
    (add_net "Net-(J3-Pad1)")
    (add_net "Net-(J4-Pad1)")
    (add_net "Net-(U1-Pad5)")
    (add_net "Net-(U2-Pad13)")
    (add_net "Net-(U2-Pad14)")
    (add_net "Net-(U2-Pad15)")
    (add_net "Net-(U2-Pad17)")
    (add_net "Net-(U2-Pad18)")
    (add_net "Net-(U2-Pad21)")
    (add_net "Net-(U2-Pad22)")
    (add_net "Net-(U2-Pad25)")
    (add_net "Net-(U2-Pad26)")
    (add_net "Net-(U2-Pad27)")
    (add_net "Net-(U2-Pad28)")
    (add_net "Net-(U2-Pad29)")
    (add_net "Net-(U2-Pad3)")
    (add_net "Net-(U2-Pad30)")
    (add_net "Net-(U2-Pad32)")
    (add_net "Net-(U2-Pad8)")
    (add_net "Net-(U2-Pad9)")
    (add_net "Net-(U3-Pad4)")
    (add_net "Net-(U3-Pad6)")
    (add_net "Net-(U4-Pad10)")
    (add_net "Net-(U4-Pad11)")
    (add_net "Net-(U4-Pad12)")
    (add_net "Net-(U4-Pad13)")
    (add_net "Net-(U4-Pad14)")
    (add_net "Net-(U4-Pad2)")
    (add_net "Net-(U4-Pad27)")
    (add_net "Net-(U4-Pad28)")
    (add_net "Net-(U4-Pad3)")
    (add_net "Net-(U4-Pad6)")
    (add_net "Net-(U4-Pad9)")
  )

  (net_class USB ""
    (clearance 0.1524)
    (trace_width 0.1524)
    (via_dia 0.6096)
    (via_drill 0.3048)
    (uvia_dia 0.3)
    (uvia_drill 0.1)
    (diff_pair_width 0.3556)
    (diff_pair_gap 0.25)
    (add_net /USBD+)
    (add_net /USBD-)
  )

  (module footprints:D_5.6V_Zener (layer F.Cu) (tedit 5FD2878B) (tstamp 604716EA)
    (at 108.7628 78.8 180)
    (descr "https://www.mccsemi.com/pdf/Products/3SMBJ5918B-3SMBJ5956B(DO-214AA).pdf")
    (tags "Diode DO-214AA")
    (path /5FD3EFD3)
    (attr smd)
    (fp_text reference D8 (at -1.9177 1.9015) (layer F.SilkS)
      (effects (font (size 1 1) (thickness 0.15)))
    )
    (fp_text value D_Zener_5.6V (at 0.508 2.54) (layer F.Fab) hide
      (effects (font (size 1 1) (thickness 0.15)))
    )
    (fp_line (start -2.7432 -1.1811) (end -2.7432 1.1811) (layer F.SilkS) (width 0.12))
    (fp_line (start 2.7432 -1.1811) (end 2.7432 1.1811) (layer F.CrtYd) (width 0.05))
    (fp_line (start -2.7432 -1.1811) (end 2.7432 -1.1811) (layer F.CrtYd) (width 0.05))
    (fp_line (start -2.7432 -1.1811) (end -2.7432 1.1811) (layer F.CrtYd) (width 0.05))
    (fp_line (start 2.7432 1.1811) (end -2.7432 1.1811) (layer F.CrtYd) (width 0.05))
    (fp_line (start 0.13 1.696) (end 0.28 1.696) (layer F.SilkS) (width 0.1))
    (fp_line (start 0.13 1.496) (end -0.17 1.696) (layer F.SilkS) (width 0.1))
    (fp_line (start 0.13 1.896) (end 0.13 1.496) (layer F.SilkS) (width 0.1))
    (fp_line (start -0.17 1.696) (end 0.13 1.896) (layer F.SilkS) (width 0.1))
    (fp_line (start -0.17 1.696) (end -0.32 1.696) (layer F.SilkS) (width 0.1))
    (fp_line (start -0.17 1.896) (end -0.17 1.496) (layer F.SilkS) (width 0.1))
    (fp_line (start 1.9812 1.0541) (end 1.9812 -1.0541) (layer F.Fab) (width 0.1))
    (fp_line (start -1.9812 -1.0541) (end 1.9812 -1.0541) (layer F.Fab) (width 0.1))
    (fp_line (start -1.9812 1.0541) (end -1.9812 -1.0541) (layer F.Fab) (width 0.1))
    (fp_line (start -1.9812 1.0541) (end 1.9812 1.0541) (layer F.Fab) (width 0.1))
    (fp_line (start -2.7432 1.1811) (end 0 1.1811) (layer F.SilkS) (width 0.12))
    (fp_line (start -2.7432 -1.1811) (end 0 -1.1811) (layer F.SilkS) (width 0.12))
    (pad 1 smd rect (at -1.9812 0) (size 1.27 2.1082) (layers F.Cu F.Paste F.Mask)
      (net 56 +5V))
    (pad 2 smd rect (at 1.9812 0) (size 1.27 2.1082) (layers F.Cu F.Paste F.Mask)
      (net 1 GND))
    (model ${KISYS3DMOD}/Diodes_SMD.3dshapes/D_SOD-523.wrl
      (at (xyz 0 0 0))
      (scale (xyz 1 1 1))
      (rotate (xyz 0 0 0))
    )
  )

  (module footprints:R_0805_OEM (layer F.Cu) (tedit 5C3D844D) (tstamp 6046BCBE)
    (at 82.16 106.115)
    (descr "Resistor SMD 0805, reflow soldering, Vishay (see dcrcw.pdf)")
    (tags "resistor 0805")
    (path /604B2391)
    (attr smd)
    (fp_text reference R12 (at 0 -1.65) (layer F.SilkS)
      (effects (font (size 1 1) (thickness 0.15)))
    )
    (fp_text value R_120 (at 0 1.75) (layer F.Fab) hide
      (effects (font (size 1 1) (thickness 0.15)))
    )
    (fp_line (start -1 0.62) (end -1 -0.62) (layer F.Fab) (width 0.1))
    (fp_line (start 1 0.62) (end -1 0.62) (layer F.Fab) (width 0.1))
    (fp_line (start 1 -0.62) (end 1 0.62) (layer F.Fab) (width 0.1))
    (fp_line (start -1 -0.62) (end 1 -0.62) (layer F.Fab) (width 0.1))
    (fp_line (start 0.6 0.88) (end -0.6 0.88) (layer F.SilkS) (width 0.12))
    (fp_line (start -0.6 -0.88) (end 0.6 -0.88) (layer F.SilkS) (width 0.12))
    (fp_line (start -1.55 -0.9) (end 1.55 -0.9) (layer F.CrtYd) (width 0.05))
    (fp_line (start -1.55 -0.9) (end -1.55 0.9) (layer F.CrtYd) (width 0.05))
    (fp_line (start 1.55 0.9) (end 1.55 -0.9) (layer F.CrtYd) (width 0.05))
    (fp_line (start 1.55 0.9) (end -1.55 0.9) (layer F.CrtYd) (width 0.05))
    (pad 2 smd rect (at 0.95 0) (size 0.7 1.3) (layers F.Cu F.Paste F.Mask)
      (net 63 "Net-(J4-Pad1)"))
    (pad 1 smd rect (at -0.95 0) (size 0.7 1.3) (layers F.Cu F.Paste F.Mask)
      (net 19 /CAN_+))
    (model ${LOCAL_DIR}/OEM_Preferred_Parts/3DModels/R_0805_OEM/res0805.step
      (at (xyz 0 0 0))
      (scale (xyz 1 1 1))
      (rotate (xyz 0 0 0))
    )
    (model ${LOCAL_DIR}/OEM_Preferred_Parts/3DModels/R_0805_OEM/res0805.step
      (at (xyz 0 0 0))
      (scale (xyz 1 1 1))
      (rotate (xyz 0 0 0))
    )
  )

  (module footprints:R_0805_OEM (layer F.Cu) (tedit 5C3D844D) (tstamp 6046BBBE)
    (at 77.47 106.68 180)
    (descr "Resistor SMD 0805, reflow soldering, Vishay (see dcrcw.pdf)")
    (tags "resistor 0805")
    (path /604A0174)
    (attr smd)
    (fp_text reference R2 (at 0 2.54) (layer F.SilkS)
      (effects (font (size 1 1) (thickness 0.15)))
    )
    (fp_text value R_120 (at 0 1.75) (layer F.Fab) hide
      (effects (font (size 1 1) (thickness 0.15)))
    )
    (fp_line (start -1 0.62) (end -1 -0.62) (layer F.Fab) (width 0.1))
    (fp_line (start 1 0.62) (end -1 0.62) (layer F.Fab) (width 0.1))
    (fp_line (start 1 -0.62) (end 1 0.62) (layer F.Fab) (width 0.1))
    (fp_line (start -1 -0.62) (end 1 -0.62) (layer F.Fab) (width 0.1))
    (fp_line (start 0.6 0.88) (end -0.6 0.88) (layer F.SilkS) (width 0.12))
    (fp_line (start -0.6 -0.88) (end 0.6 -0.88) (layer F.SilkS) (width 0.12))
    (fp_line (start -1.55 -0.9) (end 1.55 -0.9) (layer F.CrtYd) (width 0.05))
    (fp_line (start -1.55 -0.9) (end -1.55 0.9) (layer F.CrtYd) (width 0.05))
    (fp_line (start 1.55 0.9) (end 1.55 -0.9) (layer F.CrtYd) (width 0.05))
    (fp_line (start 1.55 0.9) (end -1.55 0.9) (layer F.CrtYd) (width 0.05))
    (pad 2 smd rect (at 0.95 0 180) (size 0.7 1.3) (layers F.Cu F.Paste F.Mask)
      (net 62 "Net-(J3-Pad1)"))
    (pad 1 smd rect (at -0.95 0 180) (size 0.7 1.3) (layers F.Cu F.Paste F.Mask)
      (net 19 /CAN_+))
    (model ${LOCAL_DIR}/OEM_Preferred_Parts/3DModels/R_0805_OEM/res0805.step
      (at (xyz 0 0 0))
      (scale (xyz 1 1 1))
      (rotate (xyz 0 0 0))
    )
    (model ${LOCAL_DIR}/OEM_Preferred_Parts/3DModels/R_0805_OEM/res0805.step
      (at (xyz 0 0 0))
      (scale (xyz 1 1 1))
      (rotate (xyz 0 0 0))
    )
  )

  (module Connector_PinHeader_2.54mm:PinHeader_1x02_P2.54mm_Vertical (layer F.Cu) (tedit 59FED5CC) (tstamp 6046BB90)
    (at 86.36 106.68)
    (descr "Through hole straight pin header, 1x02, 2.54mm pitch, single row")
    (tags "Through hole pin header THT 1x02 2.54mm single row")
    (path /604B1E63)
    (fp_text reference J4 (at 0 -2.33) (layer F.SilkS)
      (effects (font (size 1 1) (thickness 0.15)))
    )
    (fp_text value CONN_01x02 (at 0 4.87) (layer F.Fab)
      (effects (font (size 1 1) (thickness 0.15)))
    )
    (fp_line (start -0.635 -1.27) (end 1.27 -1.27) (layer F.Fab) (width 0.1))
    (fp_line (start 1.27 -1.27) (end 1.27 3.81) (layer F.Fab) (width 0.1))
    (fp_line (start 1.27 3.81) (end -1.27 3.81) (layer F.Fab) (width 0.1))
    (fp_line (start -1.27 3.81) (end -1.27 -0.635) (layer F.Fab) (width 0.1))
    (fp_line (start -1.27 -0.635) (end -0.635 -1.27) (layer F.Fab) (width 0.1))
    (fp_line (start -1.33 3.87) (end 1.33 3.87) (layer F.SilkS) (width 0.12))
    (fp_line (start -1.33 1.27) (end -1.33 3.87) (layer F.SilkS) (width 0.12))
    (fp_line (start 1.33 1.27) (end 1.33 3.87) (layer F.SilkS) (width 0.12))
    (fp_line (start -1.33 1.27) (end 1.33 1.27) (layer F.SilkS) (width 0.12))
    (fp_line (start -1.33 0) (end -1.33 -1.33) (layer F.SilkS) (width 0.12))
    (fp_line (start -1.33 -1.33) (end 0 -1.33) (layer F.SilkS) (width 0.12))
    (fp_line (start -1.8 -1.8) (end -1.8 4.35) (layer F.CrtYd) (width 0.05))
    (fp_line (start -1.8 4.35) (end 1.8 4.35) (layer F.CrtYd) (width 0.05))
    (fp_line (start 1.8 4.35) (end 1.8 -1.8) (layer F.CrtYd) (width 0.05))
    (fp_line (start 1.8 -1.8) (end -1.8 -1.8) (layer F.CrtYd) (width 0.05))
    (fp_text user %R (at 0 1.27 90) (layer F.Fab)
      (effects (font (size 1 1) (thickness 0.15)))
    )
    (pad 2 thru_hole oval (at 0 2.54) (size 1.7 1.7) (drill 1) (layers *.Cu *.Mask)
      (net 21 /CAN_-))
    (pad 1 thru_hole rect (at 0 0) (size 1.7 1.7) (drill 1) (layers *.Cu *.Mask)
      (net 63 "Net-(J4-Pad1)"))
    (model ${KISYS3DMOD}/Connector_PinHeader_2.54mm.3dshapes/PinHeader_1x02_P2.54mm_Vertical.wrl
      (at (xyz 0 0 0))
      (scale (xyz 1 1 1))
      (rotate (xyz 0 0 0))
    )
  )

  (module Connector_PinHeader_2.54mm:PinHeader_1x02_P2.54mm_Vertical (layer F.Cu) (tedit 59FED5CC) (tstamp 6046BB7A)
    (at 73.66 107)
    (descr "Through hole straight pin header, 1x02, 2.54mm pitch, single row")
    (tags "Through hole pin header THT 1x02 2.54mm single row")
    (path /604765A9)
    (fp_text reference J3 (at 0 -2.33) (layer F.SilkS)
      (effects (font (size 1 1) (thickness 0.15)))
    )
    (fp_text value CONN_01x02 (at 0 4.87) (layer F.Fab)
      (effects (font (size 1 1) (thickness 0.15)))
    )
    (fp_line (start -0.635 -1.27) (end 1.27 -1.27) (layer F.Fab) (width 0.1))
    (fp_line (start 1.27 -1.27) (end 1.27 3.81) (layer F.Fab) (width 0.1))
    (fp_line (start 1.27 3.81) (end -1.27 3.81) (layer F.Fab) (width 0.1))
    (fp_line (start -1.27 3.81) (end -1.27 -0.635) (layer F.Fab) (width 0.1))
    (fp_line (start -1.27 -0.635) (end -0.635 -1.27) (layer F.Fab) (width 0.1))
    (fp_line (start -1.33 3.87) (end 1.33 3.87) (layer F.SilkS) (width 0.12))
    (fp_line (start -1.33 1.27) (end -1.33 3.87) (layer F.SilkS) (width 0.12))
    (fp_line (start 1.33 1.27) (end 1.33 3.87) (layer F.SilkS) (width 0.12))
    (fp_line (start -1.33 1.27) (end 1.33 1.27) (layer F.SilkS) (width 0.12))
    (fp_line (start -1.33 0) (end -1.33 -1.33) (layer F.SilkS) (width 0.12))
    (fp_line (start -1.33 -1.33) (end 0 -1.33) (layer F.SilkS) (width 0.12))
    (fp_line (start -1.8 -1.8) (end -1.8 4.35) (layer F.CrtYd) (width 0.05))
    (fp_line (start -1.8 4.35) (end 1.8 4.35) (layer F.CrtYd) (width 0.05))
    (fp_line (start 1.8 4.35) (end 1.8 -1.8) (layer F.CrtYd) (width 0.05))
    (fp_line (start 1.8 -1.8) (end -1.8 -1.8) (layer F.CrtYd) (width 0.05))
    (fp_text user %R (at 0 1.27 90) (layer F.Fab)
      (effects (font (size 1 1) (thickness 0.15)))
    )
    (pad 2 thru_hole oval (at 0 2.54) (size 1.7 1.7) (drill 1) (layers *.Cu *.Mask)
      (net 21 /CAN_-))
    (pad 1 thru_hole rect (at 0 0) (size 1.7 1.7) (drill 1) (layers *.Cu *.Mask)
      (net 62 "Net-(J3-Pad1)"))
    (model ${KISYS3DMOD}/Connector_PinHeader_2.54mm.3dshapes/PinHeader_1x02_P2.54mm_Vertical.wrl
      (at (xyz 0 0 0))
      (scale (xyz 1 1 1))
      (rotate (xyz 0 0 0))
    )
  )

  (module footprints:micromatch_female_ra_20 (layer F.Cu) (tedit 59EE7AE1) (tstamp 6046BB64)
    (at 117.094 84.9884)
    (path /60394CE9)
    (fp_text reference J2 (at 5.08 5.08) (layer F.SilkS)
      (effects (font (size 1 1) (thickness 0.15)))
    )
    (fp_text value MM_M_VT_20 (at 6.35 0 90) (layer F.Fab) hide
      (effects (font (size 1 1) (thickness 0.15)))
    )
    (fp_line (start -1.38 21.99) (end 3.92 21.99) (layer F.SilkS) (width 0.15))
    (fp_line (start -1.38 -8.02) (end 3.92 -8.02) (layer F.SilkS) (width 0.15))
    (fp_line (start -1.38 21.99) (end -1.38 -8.02) (layer F.SilkS) (width 0.15))
    (fp_line (start 3.92 21.99) (end 3.92 -8.02) (layer F.SilkS) (width 0.15))
    (fp_text user 1 (at 0 -8.89) (layer F.SilkS)
      (effects (font (size 1 1) (thickness 0.15)))
    )
    (fp_text user 20 (at 2.54 22.86) (layer F.SilkS)
      (effects (font (size 1 1) (thickness 0.15)))
    )
    (pad 20 thru_hole circle (at 2.54 19.05) (size 1.3 1.3) (drill 0.8) (layers *.Cu *.Mask)
      (net 1 GND))
    (pad 19 thru_hole circle (at 0 17.78) (size 1.3 1.3) (drill 0.8) (layers *.Cu *.Mask)
      (net 1 GND))
    (pad 18 thru_hole circle (at 2.54 16.51) (size 1.3 1.3) (drill 0.8) (layers *.Cu *.Mask)
      (net 1 GND))
    (pad 17 thru_hole circle (at 0 15.24) (size 1.3 1.3) (drill 0.8) (layers *.Cu *.Mask)
      (net 1 GND))
    (pad 16 thru_hole circle (at 2.54 13.97) (size 1.3 1.3) (drill 0.8) (layers *.Cu *.Mask)
      (net 1 GND))
    (pad 15 thru_hole circle (at 0 12.7) (size 1.3 1.3) (drill 0.8) (layers *.Cu *.Mask)
      (net 1 GND))
    (pad 14 thru_hole circle (at 2.54 11.43) (size 1.3 1.3) (drill 0.8) (layers *.Cu *.Mask)
      (net 1 GND))
    (pad 13 thru_hole circle (at 0 10.16) (size 1.3 1.3) (drill 0.8) (layers *.Cu *.Mask)
      (net 1 GND))
    (pad 12 thru_hole circle (at 2.54 8.89) (size 1.3 1.3) (drill 0.8) (layers *.Cu *.Mask)
      (net 1 GND))
    (pad 11 thru_hole circle (at 0 7.62) (size 1.3 1.3) (drill 0.8) (layers *.Cu *.Mask)
      (net 1 GND))
    (pad 10 thru_hole circle (at 2.54 6.35) (size 1.3 1.3) (drill 0.8) (layers *.Cu *.Mask)
      (net 1 GND))
    (pad 9 thru_hole circle (at 0 5.08) (size 1.3 1.3) (drill 0.8) (layers *.Cu *.Mask)
      (net 1 GND))
    (pad 8 thru_hole circle (at 2.54 3.81) (size 1.3 1.3) (drill 0.8) (layers *.Cu *.Mask)
      (net 1 GND))
    (pad 6 thru_hole circle (at 2.54 1.27) (size 1.3 1.3) (drill 0.8) (layers *.Cu *.Mask)
      (net 1 GND))
    (pad 4 thru_hole circle (at 2.54 -1.27) (size 1.3 1.3) (drill 0.8) (layers *.Cu *.Mask)
      (net 21 /CAN_-))
    (pad 2 thru_hole circle (at 2.54 -3.81) (size 1.3 1.3) (drill 0.8) (layers *.Cu *.Mask)
      (net 20 "Net-(J2-Pad2)"))
    (pad 7 thru_hole circle (at 0 2.54) (size 1.3 1.3) (drill 0.8) (layers *.Cu *.Mask)
      (net 1 GND))
    (pad 1 thru_hole circle (at 0 -5.08) (size 1.3 1.3) (drill 0.8) (layers *.Cu *.Mask)
      (net 1 GND))
    (pad 3 thru_hole circle (at 0 -2.54) (size 1.3 1.3) (drill 0.8) (layers *.Cu *.Mask)
      (net 19 /CAN_+))
    (pad 5 thru_hole circle (at 0 0) (size 1.3 1.3) (drill 0.8) (layers *.Cu *.Mask)
      (net 1 GND))
  )

  (module footprints:C_0805_OEM (layer F.Cu) (tedit 5C3D8347) (tstamp 5FCABF43)
    (at 113.75 147.42 90)
    (descr "Capacitor SMD 0805, reflow soldering, AVX (see smccp.pdf)")
    (tags "capacitor 0805")
    (path /5D5FB603)
    (attr smd)
    (fp_text reference C1 (at 0 -1.5 90) (layer F.SilkS)
      (effects (font (size 1 1) (thickness 0.15)))
    )
    (fp_text value C_0.1uF (at 0 1.75 90) (layer F.Fab) hide
      (effects (font (size 1 1) (thickness 0.15)))
    )
    (fp_line (start -1 0.62) (end -1 -0.62) (layer F.Fab) (width 0.1))
    (fp_line (start 1 0.62) (end -1 0.62) (layer F.Fab) (width 0.1))
    (fp_line (start 1 -0.62) (end 1 0.62) (layer F.Fab) (width 0.1))
    (fp_line (start -1 -0.62) (end 1 -0.62) (layer F.Fab) (width 0.1))
    (fp_line (start 0.5 -0.85) (end -0.5 -0.85) (layer F.SilkS) (width 0.12))
    (fp_line (start -0.5 0.85) (end 0.5 0.85) (layer F.SilkS) (width 0.12))
    (fp_line (start -1.75 -0.88) (end 1.75 -0.88) (layer F.CrtYd) (width 0.05))
    (fp_line (start -1.75 -0.88) (end -1.75 0.87) (layer F.CrtYd) (width 0.05))
    (fp_line (start 1.75 0.87) (end 1.75 -0.88) (layer F.CrtYd) (width 0.05))
    (fp_line (start 1.75 0.87) (end -1.75 0.87) (layer F.CrtYd) (width 0.05))
    (pad 1 smd rect (at -1 0 90) (size 1 1.25) (layers F.Cu F.Paste F.Mask)
      (net 56 +5V))
    (pad 2 smd rect (at 1 0 90) (size 1 1.25) (layers F.Cu F.Paste F.Mask)
      (net 1 GND))
    (model ${LOCAL_DIR}/OEM_Preferred_Parts/3DModels/C_0805_OEM/C_0805.step
      (at (xyz 0 0 0))
      (scale (xyz 1 1 1))
      (rotate (xyz 0 0 0))
    )
    (model ${LOCAL_DIR}/OEM_Preferred_Parts/3DModels/C_0805_OEM/C_0805.step
      (at (xyz 0 0 0))
      (scale (xyz 1 1 1))
      (rotate (xyz 0 0 0))
    )
  )

  (module footprints:C_0805_OEM (layer F.Cu) (tedit 5C3D8347) (tstamp 5FCABF53)
    (at 125.75 142.42 180)
    (descr "Capacitor SMD 0805, reflow soldering, AVX (see smccp.pdf)")
    (tags "capacitor 0805")
    (path /5D58E34B)
    (attr smd)
    (fp_text reference C2 (at 0 -1.5) (layer F.SilkS)
      (effects (font (size 1 1) (thickness 0.15)))
    )
    (fp_text value C_0.1uF (at 0 1.75) (layer F.Fab) hide
      (effects (font (size 1 1) (thickness 0.15)))
    )
    (fp_line (start 1.75 0.87) (end -1.75 0.87) (layer F.CrtYd) (width 0.05))
    (fp_line (start 1.75 0.87) (end 1.75 -0.88) (layer F.CrtYd) (width 0.05))
    (fp_line (start -1.75 -0.88) (end -1.75 0.87) (layer F.CrtYd) (width 0.05))
    (fp_line (start -1.75 -0.88) (end 1.75 -0.88) (layer F.CrtYd) (width 0.05))
    (fp_line (start -0.5 0.85) (end 0.5 0.85) (layer F.SilkS) (width 0.12))
    (fp_line (start 0.5 -0.85) (end -0.5 -0.85) (layer F.SilkS) (width 0.12))
    (fp_line (start -1 -0.62) (end 1 -0.62) (layer F.Fab) (width 0.1))
    (fp_line (start 1 -0.62) (end 1 0.62) (layer F.Fab) (width 0.1))
    (fp_line (start 1 0.62) (end -1 0.62) (layer F.Fab) (width 0.1))
    (fp_line (start -1 0.62) (end -1 -0.62) (layer F.Fab) (width 0.1))
    (pad 2 smd rect (at 1 0 180) (size 1 1.25) (layers F.Cu F.Paste F.Mask)
      (net 1 GND))
    (pad 1 smd rect (at -1 0 180) (size 1 1.25) (layers F.Cu F.Paste F.Mask)
      (net 56 +5V))
    (model ${LOCAL_DIR}/OEM_Preferred_Parts/3DModels/C_0805_OEM/C_0805.step
      (at (xyz 0 0 0))
      (scale (xyz 1 1 1))
      (rotate (xyz 0 0 0))
    )
    (model ${LOCAL_DIR}/OEM_Preferred_Parts/3DModels/C_0805_OEM/C_0805.step
      (at (xyz 0 0 0))
      (scale (xyz 1 1 1))
      (rotate (xyz 0 0 0))
    )
  )

  (module footprints:C_0805_OEM (layer F.Cu) (tedit 5C3D8347) (tstamp 5FCABF63)
    (at 122.75 138.42 180)
    (descr "Capacitor SMD 0805, reflow soldering, AVX (see smccp.pdf)")
    (tags "capacitor 0805")
    (path /5D58E505)
    (attr smd)
    (fp_text reference C3 (at 0 -1.5) (layer F.SilkS)
      (effects (font (size 1 1) (thickness 0.15)))
    )
    (fp_text value C_100pF (at 0 1.75) (layer F.Fab) hide
      (effects (font (size 1 1) (thickness 0.15)))
    )
    (fp_line (start 1.75 0.87) (end -1.75 0.87) (layer F.CrtYd) (width 0.05))
    (fp_line (start 1.75 0.87) (end 1.75 -0.88) (layer F.CrtYd) (width 0.05))
    (fp_line (start -1.75 -0.88) (end -1.75 0.87) (layer F.CrtYd) (width 0.05))
    (fp_line (start -1.75 -0.88) (end 1.75 -0.88) (layer F.CrtYd) (width 0.05))
    (fp_line (start -0.5 0.85) (end 0.5 0.85) (layer F.SilkS) (width 0.12))
    (fp_line (start 0.5 -0.85) (end -0.5 -0.85) (layer F.SilkS) (width 0.12))
    (fp_line (start -1 -0.62) (end 1 -0.62) (layer F.Fab) (width 0.1))
    (fp_line (start 1 -0.62) (end 1 0.62) (layer F.Fab) (width 0.1))
    (fp_line (start 1 0.62) (end -1 0.62) (layer F.Fab) (width 0.1))
    (fp_line (start -1 0.62) (end -1 -0.62) (layer F.Fab) (width 0.1))
    (pad 2 smd rect (at 1 0 180) (size 1 1.25) (layers F.Cu F.Paste F.Mask)
      (net 1 GND))
    (pad 1 smd rect (at -1 0 180) (size 1 1.25) (layers F.Cu F.Paste F.Mask)
      (net 2 "Net-(C3-Pad1)"))
    (model ${LOCAL_DIR}/OEM_Preferred_Parts/3DModels/C_0805_OEM/C_0805.step
      (at (xyz 0 0 0))
      (scale (xyz 1 1 1))
      (rotate (xyz 0 0 0))
    )
    (model ${LOCAL_DIR}/OEM_Preferred_Parts/3DModels/C_0805_OEM/C_0805.step
      (at (xyz 0 0 0))
      (scale (xyz 1 1 1))
      (rotate (xyz 0 0 0))
    )
  )

  (module footprints:C_0805_OEM (layer F.Cu) (tedit 5C3D8347) (tstamp 5FCABF73)
    (at 135.75 151.42 90)
    (descr "Capacitor SMD 0805, reflow soldering, AVX (see smccp.pdf)")
    (tags "capacitor 0805")
    (path /5D5EB5B2)
    (attr smd)
    (fp_text reference C4 (at -3 0 180) (layer F.SilkS)
      (effects (font (size 1 1) (thickness 0.15)))
    )
    (fp_text value C_30pF (at 0 1.75 90) (layer F.Fab) hide
      (effects (font (size 1 1) (thickness 0.15)))
    )
    (fp_line (start -1 0.62) (end -1 -0.62) (layer F.Fab) (width 0.1))
    (fp_line (start 1 0.62) (end -1 0.62) (layer F.Fab) (width 0.1))
    (fp_line (start 1 -0.62) (end 1 0.62) (layer F.Fab) (width 0.1))
    (fp_line (start -1 -0.62) (end 1 -0.62) (layer F.Fab) (width 0.1))
    (fp_line (start 0.5 -0.85) (end -0.5 -0.85) (layer F.SilkS) (width 0.12))
    (fp_line (start -0.5 0.85) (end 0.5 0.85) (layer F.SilkS) (width 0.12))
    (fp_line (start -1.75 -0.88) (end 1.75 -0.88) (layer F.CrtYd) (width 0.05))
    (fp_line (start -1.75 -0.88) (end -1.75 0.87) (layer F.CrtYd) (width 0.05))
    (fp_line (start 1.75 0.87) (end 1.75 -0.88) (layer F.CrtYd) (width 0.05))
    (fp_line (start 1.75 0.87) (end -1.75 0.87) (layer F.CrtYd) (width 0.05))
    (pad 1 smd rect (at -1 0 90) (size 1 1.25) (layers F.Cu F.Paste F.Mask)
      (net 3 "Net-(C4-Pad1)"))
    (pad 2 smd rect (at 1 0 90) (size 1 1.25) (layers F.Cu F.Paste F.Mask)
      (net 1 GND))
    (model ${LOCAL_DIR}/OEM_Preferred_Parts/3DModels/C_0805_OEM/C_0805.step
      (at (xyz 0 0 0))
      (scale (xyz 1 1 1))
      (rotate (xyz 0 0 0))
    )
    (model ${LOCAL_DIR}/OEM_Preferred_Parts/3DModels/C_0805_OEM/C_0805.step
      (at (xyz 0 0 0))
      (scale (xyz 1 1 1))
      (rotate (xyz 0 0 0))
    )
  )

  (module footprints:C_0805_OEM (layer F.Cu) (tedit 5C3D8347) (tstamp 5FCABF83)
    (at 129.75 151.42 270)
    (descr "Capacitor SMD 0805, reflow soldering, AVX (see smccp.pdf)")
    (tags "capacitor 0805")
    (path /5D5EB694)
    (attr smd)
    (fp_text reference C5 (at 3 0 180) (layer F.SilkS)
      (effects (font (size 1 1) (thickness 0.15)))
    )
    (fp_text value C_30pF (at 0 1.75 90) (layer F.Fab) hide
      (effects (font (size 1 1) (thickness 0.15)))
    )
    (fp_line (start 1.75 0.87) (end -1.75 0.87) (layer F.CrtYd) (width 0.05))
    (fp_line (start 1.75 0.87) (end 1.75 -0.88) (layer F.CrtYd) (width 0.05))
    (fp_line (start -1.75 -0.88) (end -1.75 0.87) (layer F.CrtYd) (width 0.05))
    (fp_line (start -1.75 -0.88) (end 1.75 -0.88) (layer F.CrtYd) (width 0.05))
    (fp_line (start -0.5 0.85) (end 0.5 0.85) (layer F.SilkS) (width 0.12))
    (fp_line (start 0.5 -0.85) (end -0.5 -0.85) (layer F.SilkS) (width 0.12))
    (fp_line (start -1 -0.62) (end 1 -0.62) (layer F.Fab) (width 0.1))
    (fp_line (start 1 -0.62) (end 1 0.62) (layer F.Fab) (width 0.1))
    (fp_line (start 1 0.62) (end -1 0.62) (layer F.Fab) (width 0.1))
    (fp_line (start -1 0.62) (end -1 -0.62) (layer F.Fab) (width 0.1))
    (pad 2 smd rect (at 1 0 270) (size 1 1.25) (layers F.Cu F.Paste F.Mask)
      (net 1 GND))
    (pad 1 smd rect (at -1 0 270) (size 1 1.25) (layers F.Cu F.Paste F.Mask)
      (net 4 "Net-(C5-Pad1)"))
    (model ${LOCAL_DIR}/OEM_Preferred_Parts/3DModels/C_0805_OEM/C_0805.step
      (at (xyz 0 0 0))
      (scale (xyz 1 1 1))
      (rotate (xyz 0 0 0))
    )
    (model ${LOCAL_DIR}/OEM_Preferred_Parts/3DModels/C_0805_OEM/C_0805.step
      (at (xyz 0 0 0))
      (scale (xyz 1 1 1))
      (rotate (xyz 0 0 0))
    )
  )

  (module footprints:C_0805_OEM (layer F.Cu) (tedit 5C3D8347) (tstamp 60471575)
    (at 107.7468 75.7936)
    (descr "Capacitor SMD 0805, reflow soldering, AVX (see smccp.pdf)")
    (tags "capacitor 0805")
    (path /5FAF39CA)
    (attr smd)
    (fp_text reference C6 (at 0.254 -1.6764) (layer F.SilkS)
      (effects (font (size 1 1) (thickness 0.15)))
    )
    (fp_text value C_10nF (at 0 1.75) (layer F.Fab) hide
      (effects (font (size 1 1) (thickness 0.15)))
    )
    (fp_line (start -1 0.62) (end -1 -0.62) (layer F.Fab) (width 0.1))
    (fp_line (start 1 0.62) (end -1 0.62) (layer F.Fab) (width 0.1))
    (fp_line (start 1 -0.62) (end 1 0.62) (layer F.Fab) (width 0.1))
    (fp_line (start -1 -0.62) (end 1 -0.62) (layer F.Fab) (width 0.1))
    (fp_line (start 0.5 -0.85) (end -0.5 -0.85) (layer F.SilkS) (width 0.12))
    (fp_line (start -0.5 0.85) (end 0.5 0.85) (layer F.SilkS) (width 0.12))
    (fp_line (start -1.75 -0.88) (end 1.75 -0.88) (layer F.CrtYd) (width 0.05))
    (fp_line (start -1.75 -0.88) (end -1.75 0.87) (layer F.CrtYd) (width 0.05))
    (fp_line (start 1.75 0.87) (end 1.75 -0.88) (layer F.CrtYd) (width 0.05))
    (fp_line (start 1.75 0.87) (end -1.75 0.87) (layer F.CrtYd) (width 0.05))
    (pad 1 smd rect (at -1 0) (size 1 1.25) (layers F.Cu F.Paste F.Mask)
      (net 1 GND))
    (pad 2 smd rect (at 1 0) (size 1 1.25) (layers F.Cu F.Paste F.Mask)
      (net 56 +5V))
    (model ${LOCAL_DIR}/OEM_Preferred_Parts/3DModels/C_0805_OEM/C_0805.step
      (at (xyz 0 0 0))
      (scale (xyz 1 1 1))
      (rotate (xyz 0 0 0))
    )
    (model ${LOCAL_DIR}/OEM_Preferred_Parts/3DModels/C_0805_OEM/C_0805.step
      (at (xyz 0 0 0))
      (scale (xyz 1 1 1))
      (rotate (xyz 0 0 0))
    )
  )

  (module footprints:C_0603_1608Metric (layer F.Cu) (tedit 5B301BBE) (tstamp 5FCABFA4)
    (at 142.75 139.42)
    (descr "Capacitor SMD 0603 (1608 Metric), square (rectangular) end terminal, IPC_7351 nominal, (Body size source: http://www.tortai-tech.com/upload/download/2011102023233369053.pdf), generated with kicad-footprint-generator")
    (tags capacitor)
    (path /5FB2B96B)
    (attr smd)
    (fp_text reference C7 (at 0 -1.43) (layer F.SilkS)
      (effects (font (size 1 1) (thickness 0.15)))
    )
    (fp_text value C_100nF (at 0 1.43) (layer F.Fab)
      (effects (font (size 1 1) (thickness 0.15)))
    )
    (fp_line (start 1.48 0.73) (end -1.48 0.73) (layer F.CrtYd) (width 0.05))
    (fp_line (start 1.48 -0.73) (end 1.48 0.73) (layer F.CrtYd) (width 0.05))
    (fp_line (start -1.48 -0.73) (end 1.48 -0.73) (layer F.CrtYd) (width 0.05))
    (fp_line (start -1.48 0.73) (end -1.48 -0.73) (layer F.CrtYd) (width 0.05))
    (fp_line (start -0.162779 0.51) (end 0.162779 0.51) (layer F.SilkS) (width 0.12))
    (fp_line (start -0.162779 -0.51) (end 0.162779 -0.51) (layer F.SilkS) (width 0.12))
    (fp_line (start 0.8 0.4) (end -0.8 0.4) (layer F.Fab) (width 0.1))
    (fp_line (start 0.8 -0.4) (end 0.8 0.4) (layer F.Fab) (width 0.1))
    (fp_line (start -0.8 -0.4) (end 0.8 -0.4) (layer F.Fab) (width 0.1))
    (fp_line (start -0.8 0.4) (end -0.8 -0.4) (layer F.Fab) (width 0.1))
    (fp_text user %R (at 0 0) (layer F.Fab)
      (effects (font (size 0.4 0.4) (thickness 0.06)))
    )
    (pad 2 smd roundrect (at 0.7875 0) (size 0.875 0.95) (layers F.Cu F.Paste F.Mask) (roundrect_rratio 0.25)
      (net 1 GND))
    (pad 1 smd roundrect (at -0.7875 0) (size 0.875 0.95) (layers F.Cu F.Paste F.Mask) (roundrect_rratio 0.25)
      (net 56 +5V))
    (model ${KISYS3DMOD}/Capacitor_SMD.3dshapes/C_0603_1608Metric.wrl
      (at (xyz 0 0 0))
      (scale (xyz 1 1 1))
      (rotate (xyz 0 0 0))
    )
  )

  (module footprints:C_0603_1608Metric (layer F.Cu) (tedit 5B301BBE) (tstamp 5FCABFB5)
    (at 143.005001 142.325001)
    (descr "Capacitor SMD 0603 (1608 Metric), square (rectangular) end terminal, IPC_7351 nominal, (Body size source: http://www.tortai-tech.com/upload/download/2011102023233369053.pdf), generated with kicad-footprint-generator")
    (tags capacitor)
    (path /5FB2C8CC)
    (attr smd)
    (fp_text reference C8 (at 0 -1.43) (layer F.SilkS)
      (effects (font (size 1 1) (thickness 0.15)))
    )
    (fp_text value C_4.7uF (at 0 1.43) (layer F.Fab)
      (effects (font (size 1 1) (thickness 0.15)))
    )
    (fp_line (start -0.8 0.4) (end -0.8 -0.4) (layer F.Fab) (width 0.1))
    (fp_line (start -0.8 -0.4) (end 0.8 -0.4) (layer F.Fab) (width 0.1))
    (fp_line (start 0.8 -0.4) (end 0.8 0.4) (layer F.Fab) (width 0.1))
    (fp_line (start 0.8 0.4) (end -0.8 0.4) (layer F.Fab) (width 0.1))
    (fp_line (start -0.162779 -0.51) (end 0.162779 -0.51) (layer F.SilkS) (width 0.12))
    (fp_line (start -0.162779 0.51) (end 0.162779 0.51) (layer F.SilkS) (width 0.12))
    (fp_line (start -1.48 0.73) (end -1.48 -0.73) (layer F.CrtYd) (width 0.05))
    (fp_line (start -1.48 -0.73) (end 1.48 -0.73) (layer F.CrtYd) (width 0.05))
    (fp_line (start 1.48 -0.73) (end 1.48 0.73) (layer F.CrtYd) (width 0.05))
    (fp_line (start 1.48 0.73) (end -1.48 0.73) (layer F.CrtYd) (width 0.05))
    (fp_text user %R (at 0 0) (layer F.Fab)
      (effects (font (size 0.4 0.4) (thickness 0.06)))
    )
    (pad 1 smd roundrect (at -0.7875 0) (size 0.875 0.95) (layers F.Cu F.Paste F.Mask) (roundrect_rratio 0.25)
      (net 56 +5V))
    (pad 2 smd roundrect (at 0.7875 0) (size 0.875 0.95) (layers F.Cu F.Paste F.Mask) (roundrect_rratio 0.25)
      (net 1 GND))
    (model ${KISYS3DMOD}/Capacitor_SMD.3dshapes/C_0603_1608Metric.wrl
      (at (xyz 0 0 0))
      (scale (xyz 1 1 1))
      (rotate (xyz 0 0 0))
    )
  )

  (module footprints:C_0603_1608Metric (layer F.Cu) (tedit 5B301BBE) (tstamp 5FCABFC6)
    (at 101 82.65 90)
    (descr "Capacitor SMD 0603 (1608 Metric), square (rectangular) end terminal, IPC_7351 nominal, (Body size source: http://www.tortai-tech.com/upload/download/2011102023233369053.pdf), generated with kicad-footprint-generator")
    (tags capacitor)
    (path /5FAC0003)
    (attr smd)
    (fp_text reference C9 (at 0 1.5 90) (layer F.SilkS)
      (effects (font (size 1 1) (thickness 0.15)))
    )
    (fp_text value C_100nF (at 0 1.43 90) (layer F.Fab)
      (effects (font (size 1 1) (thickness 0.15)))
    )
    (fp_line (start -0.8 0.4) (end -0.8 -0.4) (layer F.Fab) (width 0.1))
    (fp_line (start -0.8 -0.4) (end 0.8 -0.4) (layer F.Fab) (width 0.1))
    (fp_line (start 0.8 -0.4) (end 0.8 0.4) (layer F.Fab) (width 0.1))
    (fp_line (start 0.8 0.4) (end -0.8 0.4) (layer F.Fab) (width 0.1))
    (fp_line (start -0.162779 -0.51) (end 0.162779 -0.51) (layer F.SilkS) (width 0.12))
    (fp_line (start -0.162779 0.51) (end 0.162779 0.51) (layer F.SilkS) (width 0.12))
    (fp_line (start -1.48 0.73) (end -1.48 -0.73) (layer F.CrtYd) (width 0.05))
    (fp_line (start -1.48 -0.73) (end 1.48 -0.73) (layer F.CrtYd) (width 0.05))
    (fp_line (start 1.48 -0.73) (end 1.48 0.73) (layer F.CrtYd) (width 0.05))
    (fp_line (start 1.48 0.73) (end -1.48 0.73) (layer F.CrtYd) (width 0.05))
    (fp_text user %R (at 0 0 90) (layer F.Fab)
      (effects (font (size 0.4 0.4) (thickness 0.06)))
    )
    (pad 1 smd roundrect (at -0.7875 0 90) (size 0.875 0.95) (layers F.Cu F.Paste F.Mask) (roundrect_rratio 0.25)
      (net 5 "Net-(C9-Pad1)"))
    (pad 2 smd roundrect (at 0.7875 0 90) (size 0.875 0.95) (layers F.Cu F.Paste F.Mask) (roundrect_rratio 0.25)
      (net 1 GND))
    (model ${KISYS3DMOD}/Capacitor_SMD.3dshapes/C_0603_1608Metric.wrl
      (at (xyz 0 0 0))
      (scale (xyz 1 1 1))
      (rotate (xyz 0 0 0))
    )
  )

  (module footprints:LED_0805_OEM (layer F.Cu) (tedit 5C3D84D8) (tstamp 60470745)
    (at 110.7362 96.86544)
    (descr "LED 0805 smd package")
    (tags "LED led 0805 SMD smd SMT smt smdled SMDLED smtled SMTLED")
    (path /5FB5A256)
    (attr smd)
    (fp_text reference D1 (at 1.1 1.5748) (layer F.SilkS)
      (effects (font (size 1 1) (thickness 0.15)))
    )
    (fp_text value LED_0805_Amber (at 0.508 2.032) (layer F.Fab) hide
      (effects (font (size 1 1) (thickness 0.15)))
    )
    (fp_line (start -0.2 0.35) (end -0.2 0) (layer F.SilkS) (width 0.1))
    (fp_line (start -0.2 0) (end -0.2 -0.35) (layer F.SilkS) (width 0.1))
    (fp_line (start 0.15 0.35) (end -0.2 0) (layer F.SilkS) (width 0.1))
    (fp_line (start 0.15 0.3) (end 0.15 0.35) (layer F.SilkS) (width 0.1))
    (fp_line (start 0.15 0.35) (end 0.15 0.3) (layer F.SilkS) (width 0.1))
    (fp_line (start 0.15 -0.35) (end 0.15 0.3) (layer F.SilkS) (width 0.1))
    (fp_line (start 0.1 -0.3) (end 0.15 -0.35) (layer F.SilkS) (width 0.1))
    (fp_line (start -0.2 0) (end 0.1 -0.3) (layer F.SilkS) (width 0.1))
    (fp_line (start -1.8 -0.7) (end -1.8 0.7) (layer F.SilkS) (width 0.12))
    (fp_line (start 1 0.6) (end -1 0.6) (layer F.Fab) (width 0.1))
    (fp_line (start 1 -0.6) (end 1 0.6) (layer F.Fab) (width 0.1))
    (fp_line (start -1 -0.6) (end 1 -0.6) (layer F.Fab) (width 0.1))
    (fp_line (start -1 0.6) (end -1 -0.6) (layer F.Fab) (width 0.1))
    (fp_line (start -1.8 0.7) (end 1 0.7) (layer F.SilkS) (width 0.12))
    (fp_line (start -1.8 -0.7) (end 1 -0.7) (layer F.SilkS) (width 0.12))
    (fp_line (start 1.95 -0.85) (end 1.95 0.85) (layer F.CrtYd) (width 0.05))
    (fp_line (start 1.95 0.85) (end -1.95 0.85) (layer F.CrtYd) (width 0.05))
    (fp_line (start -1.95 0.85) (end -1.95 -0.85) (layer F.CrtYd) (width 0.05))
    (fp_line (start -1.95 -0.85) (end 1.95 -0.85) (layer F.CrtYd) (width 0.05))
    (pad 2 smd rect (at 1.1 0 180) (size 1.2 1.2) (layers F.Cu F.Paste F.Mask)
      (net 56 +5V))
    (pad 1 smd rect (at -1.1 0 180) (size 1.2 1.2) (layers F.Cu F.Paste F.Mask)
      (net 6 "Net-(D1-Pad1)"))
    (model "${LOCAL_DIR}/OEM_Preferred_Parts/3DModels/LED_0805/LED 0805 Base GREEN001_sp.wrl"
      (at (xyz 0 0 0))
      (scale (xyz 1 1 1))
      (rotate (xyz 0 0 180))
    )
    (model "${LOCAL_DIR}/OEM_Preferred_Parts/3DModels/LED_0805/LED 0805 Base GREEN001_sp.step"
      (at (xyz 0 0 0))
      (scale (xyz 1 1 1))
      (rotate (xyz 0 0 0))
    )
  )

  (module footprints:LED_0805_OEM (layer F.Cu) (tedit 5C3D84D8) (tstamp 604945B9)
    (at 110.7108 94.1578)
    (descr "LED 0805 smd package")
    (tags "LED led 0805 SMD smd SMT smt smdled SMDLED smtled SMTLED")
    (path /5FB574C3)
    (attr smd)
    (fp_text reference D2 (at 1.1254 -1.5494) (layer F.SilkS)
      (effects (font (size 1 1) (thickness 0.15)))
    )
    (fp_text value LED_0805_Amber (at 0.508 2.032) (layer F.Fab) hide
      (effects (font (size 1 1) (thickness 0.15)))
    )
    (fp_line (start -1.95 -0.85) (end 1.95 -0.85) (layer F.CrtYd) (width 0.05))
    (fp_line (start -1.95 0.85) (end -1.95 -0.85) (layer F.CrtYd) (width 0.05))
    (fp_line (start 1.95 0.85) (end -1.95 0.85) (layer F.CrtYd) (width 0.05))
    (fp_line (start 1.95 -0.85) (end 1.95 0.85) (layer F.CrtYd) (width 0.05))
    (fp_line (start -1.8 -0.7) (end 1 -0.7) (layer F.SilkS) (width 0.12))
    (fp_line (start -1.8 0.7) (end 1 0.7) (layer F.SilkS) (width 0.12))
    (fp_line (start -1 0.6) (end -1 -0.6) (layer F.Fab) (width 0.1))
    (fp_line (start -1 -0.6) (end 1 -0.6) (layer F.Fab) (width 0.1))
