(kicad_pcb (version 20171130) (host pcbnew "(5.1.7)-1")

  (general
    (thickness 1.6)
    (drawings 8)
    (tracks 4)
    (zones 0)
    (modules 33)
    (nets 60)
  )

  (page A4)
  (layers
    (0 F.Cu signal)
    (31 B.Cu signal)
    (32 B.Adhes user)
    (33 F.Adhes user)
    (34 B.Paste user)
    (35 F.Paste user)
    (36 B.SilkS user)
    (37 F.SilkS user)
    (38 B.Mask user)
    (39 F.Mask user)
    (40 Dwgs.User user)
    (41 Cmts.User user)
    (42 Eco1.User user)
    (43 Eco2.User user)
    (44 Edge.Cuts user)
    (45 Margin user)
    (46 B.CrtYd user)
    (47 F.CrtYd user)
    (48 B.Fab user)
    (49 F.Fab user hide)
  )

  (setup
    (last_trace_width 0.1524)
    (user_trace_width 0.1524)
    (user_trace_width 0.254)
    (user_trace_width 0.381)
    (trace_clearance 0.1524)
    (zone_clearance 0.1524)
    (zone_45_only no)
    (trace_min 0.1524)
    (via_size 0.6096)
    (via_drill 0.3048)
    (via_min_size 0.6096)
    (via_min_drill 0.3048)
    (user_via 0.6096 0.3048)
    (uvia_size 0.3)
    (uvia_drill 0.1)
    (uvias_allowed no)
    (uvia_min_size 0.2)
    (uvia_min_drill 0.1)
    (edge_width 0.2)
    (segment_width 0.2)
    (pcb_text_width 0.3)
    (pcb_text_size 1.5 1.5)
    (mod_edge_width 0.15)
    (mod_text_size 1 1)
    (mod_text_width 0.15)
    (pad_size 1.524 1.524)
    (pad_drill 0.762)
    (pad_to_mask_clearance 0.051)
    (solder_mask_min_width 0.25)
    (aux_axis_origin 0 0)
    (visible_elements 7FFFFFFF)
    (pcbplotparams
      (layerselection 0x010fc_ffffffff)
      (usegerberextensions false)
      (usegerberattributes false)
      (usegerberadvancedattributes false)
      (creategerberjobfile false)
      (excludeedgelayer true)
      (linewidth 0.100000)
      (plotframeref false)
      (viasonmask false)
      (mode 1)
      (useauxorigin false)
      (hpglpennumber 1)
      (hpglpenspeed 20)
      (hpglpendiameter 15.000000)
      (psnegative false)
      (psa4output false)
      (plotreference true)
      (plotvalue true)
      (plotinvisibletext false)
      (padsonsilk false)
      (subtractmaskfromsilk false)
      (outputformat 1)
      (mirror false)
      (drillshape 0)
      (scaleselection 1)
      (outputdirectory "2_26_2019/"))
  )

  (net 0 "")
  (net 1 GND)
  (net 2 VCC)
  (net 3 "Net-(C3-Pad1)")
  (net 4 "Net-(C4-Pad1)")
  (net 5 "Net-(C5-Pad1)")
  (net 6 "Net-(C9-Pad1)")
  (net 7 "Net-(D1-Pad1)")
  (net 8 "Net-(D2-Pad1)")
  (net 9 "Net-(D3-Pad1)")
  (net 10 /DBG1)
  (net 11 "Net-(D4-Pad1)")
  (net 12 "Net-(D5-Pad1)")
  (net 13 /DBG2)
  (net 14 /DBG3)
  (net 15 "Net-(D6-Pad1)")
  (net 16 /MISO)
  (net 17 /SCK)
  (net 18 /MOSI)
  (net 19 /RESET)
  (net 20 /CAN_+)
  (net 21 "Net-(J2-Pad2)")
  (net 22 /CAN_-)
  (net 23 /RXLED)
  (net 24 /TXLED)
  (net 25 /CAN_TX)
  (net 26 /CAN_RX)
  (net 27 "Net-(U1-Pad5)")
  (net 28 "Net-(U2-Pad1)")
  (net 29 /USB_TXD)
  (net 30 "Net-(U2-Pad3)")
  (net 31 /USB_RXD)
  (net 32 "Net-(U2-Pad13)")
  (net 33 "Net-(U2-Pad14)")
  (net 34 "Net-(U2-Pad15)")
  (net 35 "Net-(U2-Pad17)")
  (net 36 "Net-(U2-Pad18)")
  (net 37 "Net-(U2-Pad21)")
  (net 38 "Net-(U2-Pad22)")
  (net 39 "Net-(U2-Pad25)")
  (net 40 "Net-(U2-Pad26)")
  (net 41 "Net-(U2-Pad27)")
  (net 42 "Net-(U2-Pad29)")
  (net 43 "Net-(U2-Pad30)")
  (net 44 "Net-(U2-Pad32)")
  (net 45 "Net-(U3-Pad6)")
  (net 46 /USBD-)
  (net 47 "Net-(U3-Pad4)")
  (net 48 /USBD+)
  (net 49 "Net-(U4-Pad2)")
  (net 50 "Net-(U4-Pad3)")
  (net 51 "Net-(U4-Pad6)")
  (net 52 "Net-(U4-Pad9)")
  (net 53 "Net-(U4-Pad10)")
  (net 54 "Net-(U4-Pad11)")
  (net 55 "Net-(U4-Pad12)")
  (net 56 "Net-(U4-Pad13)")
  (net 57 "Net-(U4-Pad14)")
  (net 58 "Net-(U4-Pad27)")
  (net 59 "Net-(U4-Pad28)")

  (net_class Default "This is the default net class."
    (clearance 0.1524)
    (trace_width 0.1524)
    (via_dia 0.6096)
    (via_drill 0.3048)
    (uvia_dia 0.3)
    (uvia_drill 0.1)
    (add_net /CAN_+)
    (add_net /CAN_-)
    (add_net /CAN_RX)
    (add_net /CAN_TX)
    (add_net /DBG1)
    (add_net /DBG2)
    (add_net /DBG3)
    (add_net /MISO)
    (add_net /MOSI)
    (add_net /RESET)
    (add_net /RXLED)
    (add_net /SCK)
    (add_net /TXLED)
    (add_net /USBD+)
    (add_net /USBD-)
    (add_net /USB_RXD)
    (add_net /USB_TXD)
    (add_net GND)
    (add_net "Net-(C3-Pad1)")
    (add_net "Net-(C4-Pad1)")
    (add_net "Net-(C5-Pad1)")
    (add_net "Net-(C9-Pad1)")
    (add_net "Net-(D1-Pad1)")
    (add_net "Net-(D2-Pad1)")
    (add_net "Net-(D3-Pad1)")
    (add_net "Net-(D4-Pad1)")
    (add_net "Net-(D5-Pad1)")
    (add_net "Net-(D6-Pad1)")
    (add_net "Net-(J2-Pad2)")
    (add_net "Net-(U1-Pad5)")
    (add_net "Net-(U2-Pad1)")
    (add_net "Net-(U2-Pad13)")
    (add_net "Net-(U2-Pad14)")
    (add_net "Net-(U2-Pad15)")
    (add_net "Net-(U2-Pad17)")
    (add_net "Net-(U2-Pad18)")
    (add_net "Net-(U2-Pad21)")
    (add_net "Net-(U2-Pad22)")
    (add_net "Net-(U2-Pad25)")
    (add_net "Net-(U2-Pad26)")
    (add_net "Net-(U2-Pad27)")
    (add_net "Net-(U2-Pad29)")
    (add_net "Net-(U2-Pad3)")
    (add_net "Net-(U2-Pad30)")
    (add_net "Net-(U2-Pad32)")
    (add_net "Net-(U3-Pad4)")
    (add_net "Net-(U3-Pad6)")
    (add_net "Net-(U4-Pad10)")
    (add_net "Net-(U4-Pad11)")
    (add_net "Net-(U4-Pad12)")
    (add_net "Net-(U4-Pad13)")
    (add_net "Net-(U4-Pad14)")
    (add_net "Net-(U4-Pad2)")
    (add_net "Net-(U4-Pad27)")
    (add_net "Net-(U4-Pad28)")
    (add_net "Net-(U4-Pad3)")
    (add_net "Net-(U4-Pad6)")
    (add_net "Net-(U4-Pad9)")
    (add_net VCC)
  )

  (module footprints:C_0805_OEM (layer F.Cu) (tedit 5C3D8347) (tstamp 5FCABF43)
    (at 82 89 90)
    (descr "Capacitor SMD 0805, reflow soldering, AVX (see smccp.pdf)")
    (tags "capacitor 0805")
    (path /5D5FB603)
    (attr smd)
    (fp_text reference C1 (at 0 -1.5 90) (layer F.SilkS)
      (effects (font (size 1 1) (thickness 0.15)))
    )
    (fp_text value C_0.1uF (at 0 1.75 90) (layer F.Fab) hide
      (effects (font (size 1 1) (thickness 0.15)))
    )
    (fp_line (start -1 0.62) (end -1 -0.62) (layer F.Fab) (width 0.1))
    (fp_line (start 1 0.62) (end -1 0.62) (layer F.Fab) (width 0.1))
    (fp_line (start 1 -0.62) (end 1 0.62) (layer F.Fab) (width 0.1))
    (fp_line (start -1 -0.62) (end 1 -0.62) (layer F.Fab) (width 0.1))
    (fp_line (start 0.5 -0.85) (end -0.5 -0.85) (layer F.SilkS) (width 0.12))
    (fp_line (start -0.5 0.85) (end 0.5 0.85) (layer F.SilkS) (width 0.12))
    (fp_line (start -1.75 -0.88) (end 1.75 -0.88) (layer F.CrtYd) (width 0.05))
    (fp_line (start -1.75 -0.88) (end -1.75 0.87) (layer F.CrtYd) (width 0.05))
    (fp_line (start 1.75 0.87) (end 1.75 -0.88) (layer F.CrtYd) (width 0.05))
    (fp_line (start 1.75 0.87) (end -1.75 0.87) (layer F.CrtYd) (width 0.05))
    (pad 1 smd rect (at -1 0 90) (size 1 1.25) (layers F.Cu F.Paste F.Mask)
      (net 2 VCC))
    (pad 2 smd rect (at 1 0 90) (size 1 1.25) (layers F.Cu F.Paste F.Mask)
      (net 1 GND))
    (model ${LOCAL_DIR}/OEM_Preferred_Parts/3DModels/C_0805_OEM/C_0805.step
      (at (xyz 0 0 0))
      (scale (xyz 1 1 1))
      (rotate (xyz 0 0 0))
    )
    (model ${LOCAL_DIR}/OEM_Preferred_Parts/3DModels/C_0805_OEM/C_0805.step
      (at (xyz 0 0 0))
      (scale (xyz 1 1 1))
      (rotate (xyz 0 0 0))
    )
  )

  (module footprints:C_0805_OEM (layer F.Cu) (tedit 5C3D8347) (tstamp 5FCABF53)
    (at 94 84 180)
    (descr "Capacitor SMD 0805, reflow soldering, AVX (see smccp.pdf)")
    (tags "capacitor 0805")
    (path /5D58E34B)
    (attr smd)
    (fp_text reference C2 (at 0 -1.5) (layer F.SilkS)
      (effects (font (size 1 1) (thickness 0.15)))
    )
    (fp_text value C_0.1uF (at 0 1.75) (layer F.Fab) hide
      (effects (font (size 1 1) (thickness 0.15)))
    )
    (fp_line (start 1.75 0.87) (end -1.75 0.87) (layer F.CrtYd) (width 0.05))
    (fp_line (start 1.75 0.87) (end 1.75 -0.88) (layer F.CrtYd) (width 0.05))
    (fp_line (start -1.75 -0.88) (end -1.75 0.87) (layer F.CrtYd) (width 0.05))
    (fp_line (start -1.75 -0.88) (end 1.75 -0.88) (layer F.CrtYd) (width 0.05))
    (fp_line (start -0.5 0.85) (end 0.5 0.85) (layer F.SilkS) (width 0.12))
    (fp_line (start 0.5 -0.85) (end -0.5 -0.85) (layer F.SilkS) (width 0.12))
    (fp_line (start -1 -0.62) (end 1 -0.62) (layer F.Fab) (width 0.1))
    (fp_line (start 1 -0.62) (end 1 0.62) (layer F.Fab) (width 0.1))
    (fp_line (start 1 0.62) (end -1 0.62) (layer F.Fab) (width 0.1))
    (fp_line (start -1 0.62) (end -1 -0.62) (layer F.Fab) (width 0.1))
    (pad 2 smd rect (at 1 0 180) (size 1 1.25) (layers F.Cu F.Paste F.Mask)
      (net 1 GND))
    (pad 1 smd rect (at -1 0 180) (size 1 1.25) (layers F.Cu F.Paste F.Mask)
      (net 2 VCC))
    (model ${LOCAL_DIR}/OEM_Preferred_Parts/3DModels/C_0805_OEM/C_0805.step
      (at (xyz 0 0 0))
      (scale (xyz 1 1 1))
      (rotate (xyz 0 0 0))
    )
    (model ${LOCAL_DIR}/OEM_Preferred_Parts/3DModels/C_0805_OEM/C_0805.step
      (at (xyz 0 0 0))
      (scale (xyz 1 1 1))
      (rotate (xyz 0 0 0))
    )
  )

  (module footprints:C_0805_OEM (layer F.Cu) (tedit 5C3D8347) (tstamp 5FCABF63)
    (at 91 80 180)
    (descr "Capacitor SMD 0805, reflow soldering, AVX (see smccp.pdf)")
    (tags "capacitor 0805")
    (path /5D58E505)
    (attr smd)
    (fp_text reference C3 (at 0 -1.5) (layer F.SilkS)
      (effects (font (size 1 1) (thickness 0.15)))
    )
    (fp_text value C_100pF (at 0 1.75) (layer F.Fab) hide
      (effects (font (size 1 1) (thickness 0.15)))
    )
    (fp_line (start 1.75 0.87) (end -1.75 0.87) (layer F.CrtYd) (width 0.05))
    (fp_line (start 1.75 0.87) (end 1.75 -0.88) (layer F.CrtYd) (width 0.05))
    (fp_line (start -1.75 -0.88) (end -1.75 0.87) (layer F.CrtYd) (width 0.05))
    (fp_line (start -1.75 -0.88) (end 1.75 -0.88) (layer F.CrtYd) (width 0.05))
    (fp_line (start -0.5 0.85) (end 0.5 0.85) (layer F.SilkS) (width 0.12))
    (fp_line (start 0.5 -0.85) (end -0.5 -0.85) (layer F.SilkS) (width 0.12))
    (fp_line (start -1 -0.62) (end 1 -0.62) (layer F.Fab) (width 0.1))
    (fp_line (start 1 -0.62) (end 1 0.62) (layer F.Fab) (width 0.1))
    (fp_line (start 1 0.62) (end -1 0.62) (layer F.Fab) (width 0.1))
    (fp_line (start -1 0.62) (end -1 -0.62) (layer F.Fab) (width 0.1))
    (pad 2 smd rect (at 1 0 180) (size 1 1.25) (layers F.Cu F.Paste F.Mask)
      (net 1 GND))
    (pad 1 smd rect (at -1 0 180) (size 1 1.25) (layers F.Cu F.Paste F.Mask)
      (net 3 "Net-(C3-Pad1)"))
    (model ${LOCAL_DIR}/OEM_Preferred_Parts/3DModels/C_0805_OEM/C_0805.step
      (at (xyz 0 0 0))
      (scale (xyz 1 1 1))
      (rotate (xyz 0 0 0))
    )
    (model ${LOCAL_DIR}/OEM_Preferred_Parts/3DModels/C_0805_OEM/C_0805.step
      (at (xyz 0 0 0))
      (scale (xyz 1 1 1))
      (rotate (xyz 0 0 0))
    )
  )

  (module footprints:C_0805_OEM (layer F.Cu) (tedit 5C3D8347) (tstamp 5FCABF73)
    (at 104 93 90)
    (descr "Capacitor SMD 0805, reflow soldering, AVX (see smccp.pdf)")
    (tags "capacitor 0805")
    (path /5D5EB5B2)
    (attr smd)
    (fp_text reference C4 (at -3 0 180) (layer F.SilkS)
      (effects (font (size 1 1) (thickness 0.15)))
    )
    (fp_text value C_30pF (at 0 1.75 90) (layer F.Fab) hide
      (effects (font (size 1 1) (thickness 0.15)))
    )
    (fp_line (start -1 0.62) (end -1 -0.62) (layer F.Fab) (width 0.1))
    (fp_line (start 1 0.62) (end -1 0.62) (layer F.Fab) (width 0.1))
    (fp_line (start 1 -0.62) (end 1 0.62) (layer F.Fab) (width 0.1))
    (fp_line (start -1 -0.62) (end 1 -0.62) (layer F.Fab) (width 0.1))
    (fp_line (start 0.5 -0.85) (end -0.5 -0.85) (layer F.SilkS) (width 0.12))
    (fp_line (start -0.5 0.85) (end 0.5 0.85) (layer F.SilkS) (width 0.12))
    (fp_line (start -1.75 -0.88) (end 1.75 -0.88) (layer F.CrtYd) (width 0.05))
    (fp_line (start -1.75 -0.88) (end -1.75 0.87) (layer F.CrtYd) (width 0.05))
    (fp_line (start 1.75 0.87) (end 1.75 -0.88) (layer F.CrtYd) (width 0.05))
    (fp_line (start 1.75 0.87) (end -1.75 0.87) (layer F.CrtYd) (width 0.05))
    (pad 1 smd rect (at -1 0 90) (size 1 1.25) (layers F.Cu F.Paste F.Mask)
      (net 4 "Net-(C4-Pad1)"))
    (pad 2 smd rect (at 1 0 90) (size 1 1.25) (layers F.Cu F.Paste F.Mask)
      (net 1 GND))
    (model ${LOCAL_DIR}/OEM_Preferred_Parts/3DModels/C_0805_OEM/C_0805.step
      (at (xyz 0 0 0))
      (scale (xyz 1 1 1))
      (rotate (xyz 0 0 0))
    )
    (model ${LOCAL_DIR}/OEM_Preferred_Parts/3DModels/C_0805_OEM/C_0805.step
      (at (xyz 0 0 0))
      (scale (xyz 1 1 1))
      (rotate (xyz 0 0 0))
    )
  )

  (module footprints:C_0805_OEM (layer F.Cu) (tedit 5C3D8347) (tstamp 5FCABF83)
    (at 98 93 270)
    (descr "Capacitor SMD 0805, reflow soldering, AVX (see smccp.pdf)")
    (tags "capacitor 0805")
    (path /5D5EB694)
    (attr smd)
    (fp_text reference C5 (at 3 0 180) (layer F.SilkS)
      (effects (font (size 1 1) (thickness 0.15)))
    )
    (fp_text value C_30pF (at 0 1.75 90) (layer F.Fab) hide
      (effects (font (size 1 1) (thickness 0.15)))
    )
    (fp_line (start 1.75 0.87) (end -1.75 0.87) (layer F.CrtYd) (width 0.05))
    (fp_line (start 1.75 0.87) (end 1.75 -0.88) (layer F.CrtYd) (width 0.05))
    (fp_line (start -1.75 -0.88) (end -1.75 0.87) (layer F.CrtYd) (width 0.05))
    (fp_line (start -1.75 -0.88) (end 1.75 -0.88) (layer F.CrtYd) (width 0.05))
    (fp_line (start -0.5 0.85) (end 0.5 0.85) (layer F.SilkS) (width 0.12))
    (fp_line (start 0.5 -0.85) (end -0.5 -0.85) (layer F.SilkS) (width 0.12))
    (fp_line (start -1 -0.62) (end 1 -0.62) (layer F.Fab) (width 0.1))
    (fp_line (start 1 -0.62) (end 1 0.62) (layer F.Fab) (width 0.1))
    (fp_line (start 1 0.62) (end -1 0.62) (layer F.Fab) (width 0.1))
    (fp_line (start -1 0.62) (end -1 -0.62) (layer F.Fab) (width 0.1))
    (pad 2 smd rect (at 1 0 270) (size 1 1.25) (layers F.Cu F.Paste F.Mask)
      (net 1 GND))
    (pad 1 smd rect (at -1 0 270) (size 1 1.25) (layers F.Cu F.Paste F.Mask)
      (net 5 "Net-(C5-Pad1)"))
    (model ${LOCAL_DIR}/OEM_Preferred_Parts/3DModels/C_0805_OEM/C_0805.step
      (at (xyz 0 0 0))
      (scale (xyz 1 1 1))
      (rotate (xyz 0 0 0))
    )
    (model ${LOCAL_DIR}/OEM_Preferred_Parts/3DModels/C_0805_OEM/C_0805.step
      (at (xyz 0 0 0))
      (scale (xyz 1 1 1))
      (rotate (xyz 0 0 0))
    )
  )

  (module footprints:C_0805_OEM (layer F.Cu) (tedit 5C3D8347) (tstamp 5FCABF93)
    (at 108 76)
    (descr "Capacitor SMD 0805, reflow soldering, AVX (see smccp.pdf)")
    (tags "capacitor 0805")
    (path /5FAF39CA)
    (attr smd)
    (fp_text reference C6 (at 0 -1.5) (layer F.SilkS)
      (effects (font (size 1 1) (thickness 0.15)))
    )
    (fp_text value C_10nF (at 0 1.75) (layer F.Fab) hide
      (effects (font (size 1 1) (thickness 0.15)))
    )
    (fp_line (start -1 0.62) (end -1 -0.62) (layer F.Fab) (width 0.1))
    (fp_line (start 1 0.62) (end -1 0.62) (layer F.Fab) (width 0.1))
    (fp_line (start 1 -0.62) (end 1 0.62) (layer F.Fab) (width 0.1))
    (fp_line (start -1 -0.62) (end 1 -0.62) (layer F.Fab) (width 0.1))
    (fp_line (start 0.5 -0.85) (end -0.5 -0.85) (layer F.SilkS) (width 0.12))
    (fp_line (start -0.5 0.85) (end 0.5 0.85) (layer F.SilkS) (width 0.12))
    (fp_line (start -1.75 -0.88) (end 1.75 -0.88) (layer F.CrtYd) (width 0.05))
    (fp_line (start -1.75 -0.88) (end -1.75 0.87) (layer F.CrtYd) (width 0.05))
    (fp_line (start 1.75 0.87) (end 1.75 -0.88) (layer F.CrtYd) (width 0.05))
    (fp_line (start 1.75 0.87) (end -1.75 0.87) (layer F.CrtYd) (width 0.05))
    (pad 1 smd rect (at -1 0) (size 1 1.25) (layers F.Cu F.Paste F.Mask)
      (net 1 GND))
    (pad 2 smd rect (at 1 0) (size 1 1.25) (layers F.Cu F.Paste F.Mask)
      (net 2 VCC))
    (model ${LOCAL_DIR}/OEM_Preferred_Parts/3DModels/C_0805_OEM/C_0805.step
      (at (xyz 0 0 0))
      (scale (xyz 1 1 1))
      (rotate (xyz 0 0 0))
    )
    (model ${LOCAL_DIR}/OEM_Preferred_Parts/3DModels/C_0805_OEM/C_0805.step
      (at (xyz 0 0 0))
      (scale (xyz 1 1 1))
      (rotate (xyz 0 0 0))
    )
  )

  (module footprints:C_0603_1608Metric (layer F.Cu) (tedit 5B301BBE) (tstamp 5FCABFA4)
    (at 111 81)
    (descr "Capacitor SMD 0603 (1608 Metric), square (rectangular) end terminal, IPC_7351 nominal, (Body size source: http://www.tortai-tech.com/upload/download/2011102023233369053.pdf), generated with kicad-footprint-generator")
    (tags capacitor)
    (path /5FB2B96B)
    (attr smd)
    (fp_text reference C7 (at 0 -1.43) (layer F.SilkS)
      (effects (font (size 1 1) (thickness 0.15)))
    )
    (fp_text value C_100nF (at 0 1.43) (layer F.Fab)
      (effects (font (size 1 1) (thickness 0.15)))
    )
    (fp_line (start 1.48 0.73) (end -1.48 0.73) (layer F.CrtYd) (width 0.05))
    (fp_line (start 1.48 -0.73) (end 1.48 0.73) (layer F.CrtYd) (width 0.05))
    (fp_line (start -1.48 -0.73) (end 1.48 -0.73) (layer F.CrtYd) (width 0.05))
    (fp_line (start -1.48 0.73) (end -1.48 -0.73) (layer F.CrtYd) (width 0.05))
    (fp_line (start -0.162779 0.51) (end 0.162779 0.51) (layer F.SilkS) (width 0.12))
    (fp_line (start -0.162779 -0.51) (end 0.162779 -0.51) (layer F.SilkS) (width 0.12))
    (fp_line (start 0.8 0.4) (end -0.8 0.4) (layer F.Fab) (width 0.1))
    (fp_line (start 0.8 -0.4) (end 0.8 0.4) (layer F.Fab) (width 0.1))
    (fp_line (start -0.8 -0.4) (end 0.8 -0.4) (layer F.Fab) (width 0.1))
    (fp_line (start -0.8 0.4) (end -0.8 -0.4) (layer F.Fab) (width 0.1))
    (fp_text user %R (at 0 0) (layer F.Fab)
      (effects (font (size 0.4 0.4) (thickness 0.06)))
    )
    (pad 2 smd roundrect (at 0.7875 0) (size 0.875 0.95) (layers F.Cu F.Paste F.Mask) (roundrect_rratio 0.25)
      (net 1 GND))
    (pad 1 smd roundrect (at -0.7875 0) (size 0.875 0.95) (layers F.Cu F.Paste F.Mask) (roundrect_rratio 0.25)
      (net 2 VCC))
    (model ${KISYS3DMOD}/Capacitor_SMD.3dshapes/C_0603_1608Metric.wrl
      (at (xyz 0 0 0))
      (scale (xyz 1 1 1))
      (rotate (xyz 0 0 0))
    )
  )

  (module footprints:C_0603_1608Metric (layer F.Cu) (tedit 5B301BBE) (tstamp 5FCABFB5)
    (at 111.255001 83.905001)
    (descr "Capacitor SMD 0603 (1608 Metric), square (rectangular) end terminal, IPC_7351 nominal, (Body size source: http://www.tortai-tech.com/upload/download/2011102023233369053.pdf), generated with kicad-footprint-generator")
    (tags capacitor)
    (path /5FB2C8CC)
    (attr smd)
    (fp_text reference C8 (at 0 -1.43) (layer F.SilkS)
      (effects (font (size 1 1) (thickness 0.15)))
    )
    (fp_text value C_4.7uF (at 0 1.43) (layer F.Fab)
      (effects (font (size 1 1) (thickness 0.15)))
    )
    (fp_line (start -0.8 0.4) (end -0.8 -0.4) (layer F.Fab) (width 0.1))
    (fp_line (start -0.8 -0.4) (end 0.8 -0.4) (layer F.Fab) (width 0.1))
    (fp_line (start 0.8 -0.4) (end 0.8 0.4) (layer F.Fab) (width 0.1))
    (fp_line (start 0.8 0.4) (end -0.8 0.4) (layer F.Fab) (width 0.1))
    (fp_line (start -0.162779 -0.51) (end 0.162779 -0.51) (layer F.SilkS) (width 0.12))
    (fp_line (start -0.162779 0.51) (end 0.162779 0.51) (layer F.SilkS) (width 0.12))
    (fp_line (start -1.48 0.73) (end -1.48 -0.73) (layer F.CrtYd) (width 0.05))
    (fp_line (start -1.48 -0.73) (end 1.48 -0.73) (layer F.CrtYd) (width 0.05))
    (fp_line (start 1.48 -0.73) (end 1.48 0.73) (layer F.CrtYd) (width 0.05))
    (fp_line (start 1.48 0.73) (end -1.48 0.73) (layer F.CrtYd) (width 0.05))
    (fp_text user %R (at 0 0) (layer F.Fab)
      (effects (font (size 0.4 0.4) (thickness 0.06)))
    )
    (pad 1 smd roundrect (at -0.7875 0) (size 0.875 0.95) (layers F.Cu F.Paste F.Mask) (roundrect_rratio 0.25)
      (net 2 VCC))
    (pad 2 smd roundrect (at 0.7875 0) (size 0.875 0.95) (layers F.Cu F.Paste F.Mask) (roundrect_rratio 0.25)
      (net 1 GND))
    (model ${KISYS3DMOD}/Capacitor_SMD.3dshapes/C_0603_1608Metric.wrl
      (at (xyz 0 0 0))
      (scale (xyz 1 1 1))
      (rotate (xyz 0 0 0))
    )
  )

  (module footprints:C_0603_1608Metric (layer F.Cu) (tedit 5B301BBE) (tstamp 5FCABFC6)
    (at 127 88)
    (descr "Capacitor SMD 0603 (1608 Metric), square (rectangular) end terminal, IPC_7351 nominal, (Body size source: http://www.tortai-tech.com/upload/download/2011102023233369053.pdf), generated with kicad-footprint-generator")
    (tags capacitor)
    (path /5FAC0003)
    (attr smd)
    (fp_text reference C9 (at 0 2) (layer F.SilkS)
      (effects (font (size 1 1) (thickness 0.15)))
    )
    (fp_text value C_100nF (at 0 1.43) (layer F.Fab)
      (effects (font (size 1 1) (thickness 0.15)))
    )
    (fp_line (start -0.8 0.4) (end -0.8 -0.4) (layer F.Fab) (width 0.1))
    (fp_line (start -0.8 -0.4) (end 0.8 -0.4) (layer F.Fab) (width 0.1))
    (fp_line (start 0.8 -0.4) (end 0.8 0.4) (layer F.Fab) (width 0.1))
    (fp_line (start 0.8 0.4) (end -0.8 0.4) (layer F.Fab) (width 0.1))
    (fp_line (start -0.162779 -0.51) (end 0.162779 -0.51) (layer F.SilkS) (width 0.12))
    (fp_line (start -0.162779 0.51) (end 0.162779 0.51) (layer F.SilkS) (width 0.12))
    (fp_line (start -1.48 0.73) (end -1.48 -0.73) (layer F.CrtYd) (width 0.05))
    (fp_line (start -1.48 -0.73) (end 1.48 -0.73) (layer F.CrtYd) (width 0.05))
    (fp_line (start 1.48 -0.73) (end 1.48 0.73) (layer F.CrtYd) (width 0.05))
    (fp_line (start 1.48 0.73) (end -1.48 0.73) (layer F.CrtYd) (width 0.05))
    (fp_text user %R (at 0 0) (layer F.Fab)
      (effects (font (size 0.4 0.4) (thickness 0.06)))
    )
    (pad 1 smd roundrect (at -0.7875 0) (size 0.875 0.95) (layers F.Cu F.Paste F.Mask) (roundrect_rratio 0.25)
      (net 6 "Net-(C9-Pad1)"))
    (pad 2 smd roundrect (at 0.7875 0) (size 0.875 0.95) (layers F.Cu F.Paste F.Mask) (roundrect_rratio 0.25)
      (net 1 GND))
    (model ${KISYS3DMOD}/Capacitor_SMD.3dshapes/C_0603_1608Metric.wrl
      (at (xyz 0 0 0))
      (scale (xyz 1 1 1))
      (rotate (xyz 0 0 0))
    )
  )

  (module footprints:LED_0805_OEM (layer F.Cu) (tedit 5C3D84D8) (tstamp 5FCABFDF)
    (at 131.1 85)
    (descr "LED 0805 smd package")
    (tags "LED led 0805 SMD smd SMT smt smdled SMDLED smtled SMTLED")
    (path /5FB5A256)
    (attr smd)
    (fp_text reference D1 (at -0.1 2) (layer F.SilkS)
      (effects (font (size 1 1) (thickness 0.15)))
    )
    (fp_text value LED_0805_Amber (at 0.508 2.032) (layer F.Fab) hide
      (effects (font (size 1 1) (thickness 0.15)))
    )
    (fp_line (start -0.2 0.35) (end -0.2 0) (layer F.SilkS) (width 0.1))
    (fp_line (start -0.2 0) (end -0.2 -0.35) (layer F.SilkS) (width 0.1))
    (fp_line (start 0.15 0.35) (end -0.2 0) (layer F.SilkS) (width 0.1))
    (fp_line (start 0.15 0.3) (end 0.15 0.35) (layer F.SilkS) (width 0.1))
    (fp_line (start 0.15 0.35) (end 0.15 0.3) (layer F.SilkS) (width 0.1))
    (fp_line (start 0.15 -0.35) (end 0.15 0.3) (layer F.SilkS) (width 0.1))
    (fp_line (start 0.1 -0.3) (end 0.15 -0.35) (layer F.SilkS) (width 0.1))
    (fp_line (start -0.2 0) (end 0.1 -0.3) (layer F.SilkS) (width 0.1))
    (fp_line (start -1.8 -0.7) (end -1.8 0.7) (layer F.SilkS) (width 0.12))
    (fp_line (start 1 0.6) (end -1 0.6) (layer F.Fab) (width 0.1))
    (fp_line (start 1 -0.6) (end 1 0.6) (layer F.Fab) (width 0.1))
    (fp_line (start -1 -0.6) (end 1 -0.6) (layer F.Fab) (width 0.1))
    (fp_line (start -1 0.6) (end -1 -0.6) (layer F.Fab) (width 0.1))
    (fp_line (start -1.8 0.7) (end 1 0.7) (layer F.SilkS) (width 0.12))
    (fp_line (start -1.8 -0.7) (end 1 -0.7) (layer F.SilkS) (width 0.12))
    (fp_line (start 1.95 -0.85) (end 1.95 0.85) (layer F.CrtYd) (width 0.05))
    (fp_line (start 1.95 0.85) (end -1.95 0.85) (layer F.CrtYd) (width 0.05))
    (fp_line (start -1.95 0.85) (end -1.95 -0.85) (layer F.CrtYd) (width 0.05))
    (fp_line (start -1.95 -0.85) (end 1.95 -0.85) (layer F.CrtYd) (width 0.05))
    (pad 2 smd rect (at 1.1 0 180) (size 1.2 1.2) (layers F.Cu F.Paste F.Mask)
      (net 2 VCC))
    (pad 1 smd rect (at -1.1 0 180) (size 1.2 1.2) (layers F.Cu F.Paste F.Mask)
      (net 7 "Net-(D1-Pad1)"))
    (model "${LOCAL_DIR}/OEM_Preferred_Parts/3DModels/LED_0805/LED 0805 Base GREEN001_sp.wrl"
      (at (xyz 0 0 0))
      (scale (xyz 1 1 1))
      (rotate (xyz 0 0 180))
    )
    (model "${LOCAL_DIR}/OEM_Preferred_Parts/3DModels/LED_0805/LED 0805 Base GREEN001_sp.step"
      (at (xyz 0 0 0))
      (scale (xyz 1 1 1))
      (rotate (xyz 0 0 0))
    )
  )

  (module footprints:LED_0805_OEM (layer F.Cu) (tedit 5C3D84D8) (tstamp 5FCABFF8)
    (at 131.1 83)
    (descr "LED 0805 smd package")
    (tags "LED led 0805 SMD smd SMT smt smdled SMDLED smtled SMTLED")
    (path /5FB574C3)
    (attr smd)
    (fp_text reference D2 (at -0.1 -2) (layer F.SilkS)
      (effects (font (size 1 1) (thickness 0.15)))
    )
    (fp_text value LED_0805_Amber (at 0.508 2.032) (layer F.Fab) hide
      (effects (font (size 1 1) (thickness 0.15)))
    )
    (fp_line (start -1.95 -0.85) (end 1.95 -0.85) (layer F.CrtYd) (width 0.05))
    (fp_line (start -1.95 0.85) (end -1.95 -0.85) (layer F.CrtYd) (width 0.05))
    (fp_line (start 1.95 0.85) (end -1.95 0.85) (layer F.CrtYd) (width 0.05))
    (fp_line (start 1.95 -0.85) (end 1.95 0.85) (layer F.CrtYd) (width 0.05))
    (fp_line (start -1.8 -0.7) (end 1 -0.7) (layer F.SilkS) (width 0.12))
    (fp_line (start -1.8 0.7) (end 1 0.7) (layer F.SilkS) (width 0.12))
    (fp_line (start -1 0.6) (end -1 -0.6) (layer F.Fab) (width 0.1))
    (fp_line (start -1 -0.6) (end 1 -0.6) (layer F.Fab) (width 0.1))
    (fp_line (start 1 -0.6) (end 1 0.6) (layer F.Fab) (width 0.1))
    (fp_line (start 1 0.6) (end -1 0.6) (layer F.Fab) (width 0.1))
    (fp_line (start -1.8 -0.7) (end -1.8 0.7) (layer F.SilkS) (width 0.12))
    (fp_line (start -0.2 0) (end 0.1 -0.3) (layer F.SilkS) (width 0.1))
    (fp_line (start 0.1 -0.3) (end 0.15 -0.35) (layer F.SilkS) (width 0.1))
    (fp_line (start 0.15 -0.35) (end 0.15 0.3) (layer F.SilkS) (width 0.1))
    (fp_line (start 0.15 0.35) (end 0.15 0.3) (layer F.SilkS) (width 0.1))
    (fp_line (start 0.15 0.3) (end 0.15 0.35) (layer F.SilkS) (width 0.1))
    (fp_line (start 0.15 0.35) (end -0.2 0) (layer F.SilkS) (width 0.1))
    (fp_line (start -0.2 0) (end -0.2 -0.35) (layer F.SilkS) (width 0.1))
    (fp_line (start -0.2 0.35) (end -0.2 0) (layer F.SilkS) (width 0.1))
    (pad 1 smd rect (at -1.1 0 180) (size 1.2 1.2) (layers F.Cu F.Paste F.Mask)
      (net 8 "Net-(D2-Pad1)"))
    (pad 2 smd rect (at 1.1 0 180) (size 1.2 1.2) (layers F.Cu F.Paste F.Mask)
      (net 2 VCC))
    (model "${LOCAL_DIR}/OEM_Preferred_Parts/3DModels/LED_0805/LED 0805 Base GREEN001_sp.wrl"
      (at (xyz 0 0 0))
      (scale (xyz 1 1 1))
      (rotate (xyz 0 0 180))
    )
    (model "${LOCAL_DIR}/OEM_Preferred_Parts/3DModels/LED_0805/LED 0805 Base GREEN001_sp.step"
      (at (xyz 0 0 0))
      (scale (xyz 1 1 1))
      (rotate (xyz 0 0 0))
    )
  )

  (module footprints:LED_0805_OEM (layer F.Cu) (tedit 5C3D84D8) (tstamp 5FCAC011)
    (at 102 70 90)
    (descr "LED 0805 smd package")
    (tags "LED led 0805 SMD smd SMT smt smdled SMDLED smtled SMTLED")
    (path /5FB4670F)
    (attr smd)
    (fp_text reference D3 (at 0 -1.45 90) (layer F.SilkS)
      (effects (font (size 1 1) (thickness 0.15)))
    )
    (fp_text value LED_0805 (at 0.508 2.032 90) (layer F.Fab) hide
      (effects (font (size 1 1) (thickness 0.15)))
    )
    (fp_line (start -1.95 -0.85) (end 1.95 -0.85) (layer F.CrtYd) (width 0.05))
    (fp_line (start -1.95 0.85) (end -1.95 -0.85) (layer F.CrtYd) (width 0.05))
    (fp_line (start 1.95 0.85) (end -1.95 0.85) (layer F.CrtYd) (width 0.05))
    (fp_line (start 1.95 -0.85) (end 1.95 0.85) (layer F.CrtYd) (width 0.05))
    (fp_line (start -1.8 -0.7) (end 1 -0.7) (layer F.SilkS) (width 0.12))
    (fp_line (start -1.8 0.7) (end 1 0.7) (layer F.SilkS) (width 0.12))
    (fp_line (start -1 0.6) (end -1 -0.6) (layer F.Fab) (width 0.1))
    (fp_line (start -1 -0.6) (end 1 -0.6) (layer F.Fab) (width 0.1))
    (fp_line (start 1 -0.6) (end 1 0.6) (layer F.Fab) (width 0.1))
    (fp_line (start 1 0.6) (end -1 0.6) (layer F.Fab) (width 0.1))
    (fp_line (start -1.8 -0.7) (end -1.8 0.7) (layer F.SilkS) (width 0.12))
    (fp_line (start -0.2 0) (end 0.1 -0.3) (layer F.SilkS) (width 0.1))
    (fp_line (start 0.1 -0.3) (end 0.15 -0.35) (layer F.SilkS) (width 0.1))
    (fp_line (start 0.15 -0.35) (end 0.15 0.3) (layer F.SilkS) (width 0.1))
    (fp_line (start 0.15 0.35) (end 0.15 0.3) (layer F.SilkS) (width 0.1))
    (fp_line (start 0.15 0.3) (end 0.15 0.35) (layer F.SilkS) (width 0.1))
    (fp_line (start 0.15 0.35) (end -0.2 0) (layer F.SilkS) (width 0.1))
    (fp_line (start -0.2 0) (end -0.2 -0.35) (layer F.SilkS) (width 0.1))
    (fp_line (start -0.2 0.35) (end -0.2 0) (layer F.SilkS) (width 0.1))
    (pad 1 smd rect (at -1.1 0 270) (size 1.2 1.2) (layers F.Cu F.Paste F.Mask)
      (net 9 "Net-(D3-Pad1)"))
    (pad 2 smd rect (at 1.1 0 270) (size 1.2 1.2) (layers F.Cu F.Paste F.Mask)
      (net 2 VCC))
    (model "${LOCAL_DIR}/OEM_Preferred_Parts/3DModels/LED_0805/LED 0805 Base GREEN001_sp.wrl"
      (at (xyz 0 0 0))
      (scale (xyz 1 1 1))
      (rotate (xyz 0 0 180))
    )
    (model "${LOCAL_DIR}/OEM_Preferred_Parts/3DModels/LED_0805/LED 0805 Base GREEN001_sp.step"
      (at (xyz 0 0 0))
      (scale (xyz 1 1 1))
      (rotate (xyz 0 0 0))
    )
  )

  (module footprints:LED_0805_OEM (layer F.Cu) (tedit 5C3D84D8) (tstamp 5FCAC02A)
    (at 113 94)
    (descr "LED 0805 smd package")
    (tags "LED led 0805 SMD smd SMT smt smdled SMDLED smtled SMTLED")
    (path /5FB56B11)
    (attr smd)
    (fp_text reference D4 (at 3 0) (layer F.SilkS)
      (effects (font (size 1 1) (thickness 0.15)))
    )
    (fp_text value LED_0805 (at 0.508 2.032) (layer F.Fab) hide
      (effects (font (size 1 1) (thickness 0.15)))
    )
    (fp_line (start -0.2 0.35) (end -0.2 0) (layer F.SilkS) (width 0.1))
    (fp_line (start -0.2 0) (end -0.2 -0.35) (layer F.SilkS) (width 0.1))
    (fp_line (start 0.15 0.35) (end -0.2 0) (layer F.SilkS) (width 0.1))
    (fp_line (start 0.15 0.3) (end 0.15 0.35) (layer F.SilkS) (width 0.1))
    (fp_line (start 0.15 0.35) (end 0.15 0.3) (layer F.SilkS) (width 0.1))
    (fp_line (start 0.15 -0.35) (end 0.15 0.3) (layer F.SilkS) (width 0.1))
    (fp_line (start 0.1 -0.3) (end 0.15 -0.35) (layer F.SilkS) (width 0.1))
    (fp_line (start -0.2 0) (end 0.1 -0.3) (layer F.SilkS) (width 0.1))
    (fp_line (start -1.8 -0.7) (end -1.8 0.7) (layer F.SilkS) (width 0.12))
    (fp_line (start 1 0.6) (end -1 0.6) (layer F.Fab) (width 0.1))
    (fp_line (start 1 -0.6) (end 1 0.6) (layer F.Fab) (width 0.1))
    (fp_line (start -1 -0.6) (end 1 -0.6) (layer F.Fab) (width 0.1))
    (fp_line (start -1 0.6) (end -1 -0.6) (layer F.Fab) (width 0.1))
    (fp_line (start -1.8 0.7) (end 1 0.7) (layer F.SilkS) (width 0.12))
    (fp_line (start -1.8 -0.7) (end 1 -0.7) (layer F.SilkS) (width 0.12))
    (fp_line (start 1.95 -0.85) (end 1.95 0.85) (layer F.CrtYd) (width 0.05))
    (fp_line (start 1.95 0.85) (end -1.95 0.85) (layer F.CrtYd) (width 0.05))
    (fp_line (start -1.95 0.85) (end -1.95 -0.85) (layer F.CrtYd) (width 0.05))
    (fp_line (start -1.95 -0.85) (end 1.95 -0.85) (layer F.CrtYd) (width 0.05))
    (pad 2 smd rect (at 1.1 0 180) (size 1.2 1.2) (layers F.Cu F.Paste F.Mask)
      (net 10 /DBG1))
    (pad 1 smd rect (at -1.1 0 180) (size 1.2 1.2) (layers F.Cu F.Paste F.Mask)
      (net 11 "Net-(D4-Pad1)"))
    (model "${LOCAL_DIR}/OEM_Preferred_Parts/3DModels/LED_0805/LED 0805 Base GREEN001_sp.wrl"
      (at (xyz 0 0 0))
      (scale (xyz 1 1 1))
      (rotate (xyz 0 0 180))
    )
    (model "${LOCAL_DIR}/OEM_Preferred_Parts/3DModels/LED_0805/LED 0805 Base GREEN001_sp.step"
      (at (xyz 0 0 0))
      (scale (xyz 1 1 1))
      (rotate (xyz 0 0 0))
    )
  )

  (module footprints:LED_0805_OEM (layer F.Cu) (tedit 5C3D84D8) (tstamp 5FCAC043)
    (at 113 96)
    (descr "LED 0805 smd package")
    (tags "LED led 0805 SMD smd SMT smt smdled SMDLED smtled SMTLED")
    (path /5FB5B594)
    (attr smd)
    (fp_text reference D5 (at 3 0) (layer F.SilkS)
      (effects (font (size 1 1) (thickness 0.15)))
    )
    (fp_text value LED_0805 (at 0.508 2.032) (layer F.Fab) hide
      (effects (font (size 1 1) (thickness 0.15)))
    )
    (fp_line (start -1.95 -0.85) (end 1.95 -0.85) (layer F.CrtYd) (width 0.05))
    (fp_line (start -1.95 0.85) (end -1.95 -0.85) (layer F.CrtYd) (width 0.05))
    (fp_line (start 1.95 0.85) (end -1.95 0.85) (layer F.CrtYd) (width 0.05))
    (fp_line (start 1.95 -0.85) (end 1.95 0.85) (layer F.CrtYd) (width 0.05))
    (fp_line (start -1.8 -0.7) (end 1 -0.7) (layer F.SilkS) (width 0.12))
    (fp_line (start -1.8 0.7) (end 1 0.7) (layer F.SilkS) (width 0.12))
    (fp_line (start -1 0.6) (end -1 -0.6) (layer F.Fab) (width 0.1))
    (fp_line (start -1 -0.6) (end 1 -0.6) (layer F.Fab) (width 0.1))
    (fp_line (start 1 -0.6) (end 1 0.6) (layer F.Fab) (width 0.1))
    (fp_line (start 1 0.6) (end -1 0.6) (layer F.Fab) (width 0.1))
    (fp_line (start -1.8 -0.7) (end -1.8 0.7) (layer F.SilkS) (width 0.12))
    (fp_line (start -0.2 0) (end 0.1 -0.3) (layer F.SilkS) (width 0.1))
    (fp_line (start 0.1 -0.3) (end 0.15 -0.35) (layer F.SilkS) (width 0.1))
    (fp_line (start 0.15 -0.35) (end 0.15 0.3) (layer F.SilkS) (width 0.1))
    (fp_line (start 0.15 0.35) (end 0.15 0.3) (layer F.SilkS) (width 0.1))
    (fp_line (start 0.15 0.3) (end 0.15 0.35) (layer F.SilkS) (width 0.1))
    (fp_line (start 0.15 0.35) (end -0.2 0) (layer F.SilkS) (width 0.1))
    (fp_line (start -0.2 0) (end -0.2 -0.35) (layer F.SilkS) (width 0.1))
    (fp_line (start -0.2 0.35) (end -0.2 0) (layer F.SilkS) (width 0.1))
    (pad 1 smd rect (at -1.1 0 180) (size 1.2 1.2) (layers F.Cu F.Paste F.Mask)
      (net 12 "Net-(D5-Pad1)"))
    (pad 2 smd rect (at 1.1 0 180) (size 1.2 1.2) (layers F.Cu F.Paste F.Mask)
      (net 13 /DBG2))
    (model "${LOCAL_DIR}/OEM_Preferred_Parts/3DModels/LED_0805/LED 0805 Base GREEN001_sp.wrl"
      (at (xyz 0 0 0))
      (scale (xyz 1 1 1))
      (rotate (xyz 0 0 180))
    )
    (model "${LOCAL_DIR}/OEM_Preferred_Parts/3DModels/LED_0805/LED 0805 Base GREEN001_sp.step"
      (at (xyz 0 0 0))
      (scale (xyz 1 1 1))
      (rotate (xyz 0 0 0))
    )
  )

  (module footprints:LED_0805_OEM (layer F.Cu) (tedit 5C3D84D8) (tstamp 5FCACB9B)
    (at 113 98)
    (descr "LED 0805 smd package")
    (tags "LED led 0805 SMD smd SMT smt smdled SMDLED smtled SMTLED")
    (path /5FB5C14B)
    (attr smd)
    (fp_text reference D6 (at 3 0) (layer F.SilkS)
      (effects (font (size 1 1) (thickness 0.15)))
    )
    (fp_text value LED_0805 (at 0.508 2.032) (layer F.Fab) hide
      (effects (font (size 1 1) (thickness 0.15)))
    )
    (fp_line (start -0.2 0.35) (end -0.2 0) (layer F.SilkS) (width 0.1))
    (fp_line (start -0.2 0) (end -0.2 -0.35) (layer F.SilkS) (width 0.1))
    (fp_line (start 0.15 0.35) (end -0.2 0) (layer F.SilkS) (width 0.1))
    (fp_line (start 0.15 0.3) (end 0.15 0.35) (layer F.SilkS) (width 0.1))
    (fp_line (start 0.15 0.35) (end 0.15 0.3) (layer F.SilkS) (width 0.1))
    (fp_line (start 0.15 -0.35) (end 0.15 0.3) (layer F.SilkS) (width 0.1))
    (fp_line (start 0.1 -0.3) (end 0.15 -0.35) (layer F.SilkS) (width 0.1))
    (fp_line (start -0.2 0) (end 0.1 -0.3) (layer F.SilkS) (width 0.1))
    (fp_line (start -1.8 -0.7) (end -1.8 0.7) (layer F.SilkS) (width 0.12))
    (fp_line (start 1 0.6) (end -1 0.6) (layer F.Fab) (width 0.1))
    (fp_line (start 1 -0.6) (end 1 0.6) (layer F.Fab) (width 0.1))
    (fp_line (start -1 -0.6) (end 1 -0.6) (layer F.Fab) (width 0.1))
    (fp_line (start -1 0.6) (end -1 -0.6) (layer F.Fab) (width 0.1))
    (fp_line (start -1.8 0.7) (end 1 0.7) (layer F.SilkS) (width 0.12))
    (fp_line (start -1.8 -0.7) (end 1 -0.7) (layer F.SilkS) (width 0.12))
    (fp_line (start 1.95 -0.85) (end 1.95 0.85) (layer F.CrtYd) (width 0.05))
    (fp_line (start 1.95 0.85) (end -1.95 0.85) (layer F.CrtYd) (width 0.05))
    (fp_line (start -1.95 0.85) (end -1.95 -0.85) (layer F.CrtYd) (width 0.05))
    (fp_line (start -1.95 -0.85) (end 1.95 -0.85) (layer F.CrtYd) (width 0.05))
    (pad 2 smd rect (at 1.1 0 180) (size 1.2 1.2) (layers F.Cu F.Paste F.Mask)
      (net 14 /DBG3))
    (pad 1 smd rect (at -1.1 0 180) (size 1.2 1.2) (layers F.Cu F.Paste F.Mask)
      (net 15 "Net-(D6-Pad1)"))
    (model "${LOCAL_DIR}/OEM_Preferred_Parts/3DModels/LED_0805/LED 0805 Base GREEN001_sp.wrl"
      (at (xyz 0 0 0))
      (scale (xyz 1 1 1))
      (rotate (xyz 0 0 180))
    )
    (model "${LOCAL_DIR}/OEM_Preferred_Parts/3DModels/LED_0805/LED 0805 Base GREEN001_sp.step"
      (at (xyz 0 0 0))
      (scale (xyz 1 1 1))
      (rotate (xyz 0 0 0))
    )
  )

  (module footprints:Pin_Header_Straight_2x03 (layer F.Cu) (tedit 5C16B823) (tstamp 5FCAC073)
    (at 127 94)
    (descr "Through hole pin header")
    (tags "pin header")
    (path /5D628C9D)
    (fp_text reference J1 (at 1.778 -2.54) (layer F.SilkS)
      (effects (font (size 1 1) (thickness 0.15)))
    )
    (fp_text value CONN_02X03 (at 1.27 7.874) (layer F.Fab) hide
      (effects (font (size 1 1) (thickness 0.15)))
    )
    (fp_line (start -1.27 1.27) (end -1.27 6.35) (layer F.SilkS) (width 0.15))
    (fp_line (start -1.55 -1.55) (end 0 -1.55) (layer F.SilkS) (width 0.15))
    (fp_line (start -1.75 -1.75) (end -1.75 6.85) (layer F.CrtYd) (width 0.05))
    (fp_line (start 4.3 -1.75) (end 4.3 6.85) (layer F.CrtYd) (width 0.05))
    (fp_line (start -1.75 -1.75) (end 4.3 -1.75) (layer F.CrtYd) (width 0.05))
    (fp_line (start -1.75 6.85) (end 4.3 6.85) (layer F.CrtYd) (width 0.05))
    (fp_line (start 1.27 -1.27) (end 1.27 1.27) (layer F.SilkS) (width 0.15))
    (fp_line (start 1.27 1.27) (end -1.27 1.27) (layer F.SilkS) (width 0.15))
    (fp_line (start -1.27 6.35) (end 3.81 6.35) (layer F.SilkS) (width 0.15))
    (fp_line (start 3.81 6.35) (end 3.81 1.27) (layer F.SilkS) (width 0.15))
    (fp_line (start -1.55 -1.55) (end -1.55 0) (layer F.SilkS) (width 0.15))
    (fp_line (start 3.81 -1.27) (end 1.27 -1.27) (layer F.SilkS) (width 0.15))
    (fp_line (start 3.81 1.27) (end 3.81 -1.27) (layer F.SilkS) (width 0.15))
    (pad 1 thru_hole rect (at 0 0) (size 1.4 1.4) (drill 1.016) (layers *.Cu *.Mask)
      (net 16 /MISO))
    (pad 2 thru_hole circle (at 2.54 0) (size 1.4 1.4) (drill 1.016) (layers *.Cu *.Mask)
      (net 2 VCC))
    (pad 3 thru_hole circle (at 0 2.54) (size 1.4 1.4) (drill 1.016) (layers *.Cu *.Mask)
      (net 17 /SCK))
    (pad 4 thru_hole circle (at 2.54 2.54) (size 1.4 1.4) (drill 1.016) (layers *.Cu *.Mask)
      (net 18 /MOSI))
    (pad 5 thru_hole circle (at 0 5.08) (size 1.4 1.4) (drill 1.016) (layers *.Cu *.Mask)
      (net 19 /RESET))
    (pad 6 thru_hole circle (at 2.54 5.08) (size 1.4 1.4) (drill 1.016) (layers *.Cu *.Mask)
      (net 1 GND))
    (model ${LOCAL_DIR}/OEM_Preferred_Parts/3DModels/Header_Pin_2x3/Header_Straight_2x3.wrl
      (at (xyz 0 0 0))
      (scale (xyz 1 1 1))
      (rotate (xyz 0 0 90))
    )
  )

  (module footprints:micromatch_female_vert_20 (layer F.Cu) (tedit 5C3D138E) (tstamp 5FCAC092)
    (at 74.46 88.03)
    (path /5FCA5A68)
    (fp_text reference J2 (at 5.08 5.08) (layer F.SilkS)
      (effects (font (size 1 1) (thickness 0.15)))
    )
    (fp_text value MM_M_VT_20 (at 6.35 0 90) (layer F.Fab) hide
      (effects (font (size 1 1) (thickness 0.15)))
    )
    (fp_line (start -1.38 21.99) (end 3.92 21.99) (layer F.SilkS) (width 0.15))
